# Tabulated potential for Cooke 3-bead lipid model, Wc = 1.600000

HEAD_HEAD
N 401 R 0.000001 4.000000

1 0.000001 0.000000 0.000000
2 0.010000 2161440350647607518822400.000000 2593728420778890895481110528.000000
3 0.020000 527695398062100709376.000000 316617238851043104653312.000000
4 0.030000 4067131343850062336.000000 1626852538346708926464.000000
5 0.040000 128831883585858496.000000 38649565183436988416.000000
6 0.050000 8853259488081101.000000 2124782299721489152.000000
7 0.060000 992951926207085.500000 198590391543644928.000000
8 0.070000 156158887055179.062500 26770097065977256.000000
9 0.080000 31453085537227.195312 4717963671829832.000000
10 0.090000 7653019634383.599609 1020402986772367.875000
11 0.100000 2161437410283.985352 259372665656012.125000
12 0.110000 688699846600.110840 75130982888675.812500
13 0.120000 242418934523.303925 24241942688387.753906
14 0.130000 92772695554.949768 8563661551482.013672
15 0.140000 38124343876.568542 3267817639811.164551
16 0.150000 16658711862.666004 1332707274503.870850
17 0.160000 7678803441.103481 575916830241.413208
18 0.170000 3709726886.129636 261867373669.903687
19 0.180000 1868327898.144181 124558074820.194244
20 0.190000 976500000.999998 61675657894.736687
21 0.200000 527649455.864879 31660345589.187614
22 0.210000 293806260.511241 16789908645.082933
23 0.220000 168114083.438129 9170566326.526011
24 0.230000 98610181.495127 5145397135.359623
25 0.240000 59169165.297856 2958842872.372237
26 0.250000 36250908.888444 1740332628.538169
27 0.260000 22640215.252607 1045152619.667436
28 0.270000 14392928.420337 639854320.962319
29 0.280000 9301695.744822 398774811.984595
30 0.290000 6104017.717125 252682276.475626
31 0.300000 4063098.921872 162604585.395105
32 0.310000 2740806.847436 106159834.284035
33 0.320000 1872013.228410 70251804.140783
34 0.330000 1293637.623279 47082727.461649
35 0.340000 903822.389327 31933167.708250
36 0.350000 638028.370186 21902644.696022
37 0.360000 454806.060338 15182681.781435
38 0.370000 327194.054124 10630250.689058
39 0.380000 237443.016602 7513588.353207
40 0.390000 173734.710287 5358508.469115
41 0.400000 128115.021129 3854188.581495
42 0.410000 95175.694590 2794659.517251
43 0.420000 71203.733281 2042016.387369
44 0.430000 53626.450912 1503014.644703
45 0.440000 40645.593596 1114014.575978
46 0.450000 30993.690585 831193.088925
47 0.460000 23770.248288 624115.416996
48 0.470000 18330.617960 471472.559289
49 0.480000 14209.942248 358228.692769
50 0.490000 11070.674537 273695.309628
51 0.500000 8666.076152 210220.029942
52 0.510000 6814.633252 162286.683398
53 0.520000 5381.995700 125892.872001
54 0.530000 4268.136868 98116.253151
55 0.540000 3398.163685 76810.165684
56 0.550000 2715.696677 60388.560510
57 0.560000 2178.071621 47673.030759
58 0.570000 1752.840750 37783.319810
59 0.580000 1415.206838 30058.470465
60 0.590000 1146.130977 23999.705760
61 0.600000 930.929708 19228.816970
62 0.610000 758.229563 15457.682582
63 0.620000 619.184089 12465.822566
64 0.630000 506.884625 10083.785213
65 0.640000 415.914818 8180.790148
66 0.650000 342.012307 6655.493196
67 0.660000 281.810669 5429.052488
68 0.670000 232.641766 4439.899069
69 0.680000 192.383722 3639.775908
70 0.690000 159.343555 2990.725059
71 0.700000 132.166200 2462.786676
72 0.710000 109.763738 2032.234764
73 0.720000 91.260139 1680.219270
74 0.730000 75.947974 1391.717054
75 0.740000 63.254382 1154.718549
76 0.750000 52.714228 959.594954
77 0.760000 43.948872 798.604206
78 0.770000 36.649308 665.504021
79 0.780000 30.562750 555.247832
80 0.790000 25.481924 463.745109
81 0.800000 21.236485 387.671861
82 0.810000 17.686136 324.320364
83 0.820000 14.715086 271.479665
84 0.830000 12.227574 227.340274
85 0.840000 10.144253 190.417955
86 0.850000 8.399249 159.492629
87 0.860000 6.937780 133.559247
88 0.870000 5.714205 111.788215
89 0.880000 4.690441 93.493410
90 0.890000 3.834655 78.106288
91 0.900000 3.120205 65.154867
92 0.910000 2.524755 54.246625
93 0.920000 2.029558 45.054564
94 0.930000 1.618857 37.305814
95 0.940000 1.279395 30.772315
96 0.950000 1.000000 25.263158
97 0.960000 0.771253 20.618297
98 0.970000 0.585203 16.703371
99 0.980000 0.435131 13.405424
100 0.990000 0.315357 10.629373
101 1.000000 0.221073 8.295079
102 1.010000 0.148209 6.334918
103 1.020000 0.093319 4.691763
104 1.030000 0.053479 3.317301
105 1.040000 0.026214 2.170635
106 1.050000 0.009423 1.217110
107 1.060000 0.001327 0.427337
108 1.070000 0.000000 0.000000
109 1.080000 0.000000 0.000000
110 1.090000 0.000000 0.000000
111 1.100000 0.000000 0.000000
112 1.110000 0.000000 0.000000
113 1.120000 0.000000 0.000000
114 1.130000 0.000000 0.000000
115 1.140000 0.000000 0.000000
116 1.150000 0.000000 0.000000
117 1.160000 0.000000 0.000000
118 1.170000 0.000000 0.000000
119 1.180000 0.000000 0.000000
120 1.190000 0.000000 0.000000
121 1.200000 0.000000 0.000000
122 1.210000 0.000000 0.000000
123 1.220000 0.000000 0.000000
124 1.230000 0.000000 0.000000
125 1.240000 0.000000 0.000000
126 1.250000 0.000000 0.000000
127 1.260000 0.000000 0.000000
128 1.270000 0.000000 0.000000
129 1.280000 0.000000 0.000000
130 1.290000 0.000000 0.000000
131 1.300000 0.000000 0.000000
132 1.310000 0.000000 0.000000
133 1.320000 0.000000 0.000000
134 1.330000 0.000000 0.000000
135 1.340000 0.000000 0.000000
136 1.350000 0.000000 0.000000
137 1.360000 0.000000 0.000000
138 1.370000 0.000000 0.000000
139 1.380000 0.000000 0.000000
140 1.390000 0.000000 0.000000
141 1.400000 0.000000 0.000000
142 1.410000 0.000000 0.000000
143 1.420000 0.000000 0.000000
144 1.430000 0.000000 0.000000
145 1.440000 0.000000 0.000000
146 1.450000 0.000000 0.000000
147 1.460000 0.000000 0.000000
148 1.470000 0.000000 0.000000
149 1.480000 0.000000 0.000000
150 1.490000 0.000000 0.000000
151 1.500000 0.000000 0.000000
152 1.510000 0.000000 0.000000
153 1.520000 0.000000 0.000000
154 1.530000 0.000000 0.000000
155 1.540000 0.000000 0.000000
156 1.550000 0.000000 0.000000
157 1.560000 0.000000 0.000000
158 1.570000 0.000000 0.000000
159 1.580000 0.000000 0.000000
160 1.590000 0.000000 0.000000
161 1.600000 0.000000 0.000000
162 1.610000 0.000000 0.000000
163 1.620000 0.000000 0.000000
164 1.630000 0.000000 0.000000
165 1.640000 0.000000 0.000000
166 1.650000 0.000000 0.000000
167 1.660000 0.000000 0.000000
168 1.670000 0.000000 0.000000
169 1.680000 0.000000 0.000000
170 1.690000 0.000000 0.000000
171 1.700000 0.000000 0.000000
172 1.710000 0.000000 0.000000
173 1.720000 0.000000 0.000000
174 1.730000 0.000000 0.000000
175 1.740000 0.000000 0.000000
176 1.750000 0.000000 0.000000
177 1.760000 0.000000 0.000000
178 1.770000 0.000000 0.000000
179 1.780000 0.000000 0.000000
180 1.790000 0.000000 0.000000
181 1.800000 0.000000 0.000000
182 1.810000 0.000000 0.000000
183 1.820000 0.000000 0.000000
184 1.830000 0.000000 0.000000
185 1.840000 0.000000 0.000000
186 1.850000 0.000000 0.000000
187 1.860000 0.000000 0.000000
188 1.870000 0.000000 0.000000
189 1.880000 0.000000 0.000000
190 1.890000 0.000000 0.000000
191 1.900000 0.000000 0.000000
192 1.910000 0.000000 0.000000
193 1.920000 0.000000 0.000000
194 1.930000 0.000000 0.000000
195 1.940000 0.000000 0.000000
196 1.950000 0.000000 0.000000
197 1.960000 0.000000 0.000000
198 1.970000 0.000000 0.000000
199 1.980000 0.000000 0.000000
200 1.990000 0.000000 0.000000
201 2.000000 0.000000 0.000000
202 2.010000 0.000000 0.000000
203 2.020000 0.000000 0.000000
204 2.030000 0.000000 0.000000
205 2.040000 0.000000 0.000000
206 2.050000 0.000000 0.000000
207 2.060000 0.000000 0.000000
208 2.070000 0.000000 0.000000
209 2.080000 0.000000 0.000000
210 2.090000 0.000000 0.000000
211 2.100000 0.000000 0.000000
212 2.110000 0.000000 0.000000
213 2.120000 0.000000 0.000000
214 2.130000 0.000000 0.000000
215 2.140000 0.000000 0.000000
216 2.150000 0.000000 0.000000
217 2.160000 0.000000 0.000000
218 2.170000 0.000000 0.000000
219 2.180000 0.000000 0.000000
220 2.190000 0.000000 0.000000
221 2.200000 0.000000 0.000000
222 2.210000 0.000000 0.000000
223 2.220000 0.000000 0.000000
224 2.230000 0.000000 0.000000
225 2.240000 0.000000 0.000000
226 2.250000 0.000000 0.000000
227 2.260000 0.000000 0.000000
228 2.270000 0.000000 0.000000
229 2.280000 0.000000 0.000000
230 2.290000 0.000000 0.000000
231 2.300000 0.000000 0.000000
232 2.310000 0.000000 0.000000
233 2.320000 0.000000 0.000000
234 2.330000 0.000000 0.000000
235 2.340000 0.000000 0.000000
236 2.350000 0.000000 0.000000
237 2.360000 0.000000 0.000000
238 2.370000 0.000000 0.000000
239 2.380000 0.000000 0.000000
240 2.390000 0.000000 0.000000
241 2.400000 0.000000 0.000000
242 2.410000 0.000000 0.000000
243 2.420000 0.000000 0.000000
244 2.430000 0.000000 0.000000
245 2.440000 0.000000 0.000000
246 2.450000 0.000000 0.000000
247 2.460000 0.000000 0.000000
248 2.470000 0.000000 0.000000
249 2.480000 0.000000 0.000000
250 2.490000 0.000000 0.000000
251 2.500000 0.000000 0.000000
252 2.510000 0.000000 0.000000
253 2.520000 0.000000 0.000000
254 2.530000 0.000000 0.000000
255 2.540000 0.000000 0.000000
256 2.550000 0.000000 0.000000
257 2.560000 0.000000 0.000000
258 2.570000 0.000000 0.000000
259 2.580000 0.000000 0.000000
260 2.590000 0.000000 0.000000
261 2.600000 0.000000 0.000000
262 2.610000 0.000000 0.000000
263 2.620000 0.000000 0.000000
264 2.630000 0.000000 0.000000
265 2.640000 0.000000 0.000000
266 2.650000 0.000000 0.000000
267 2.660000 0.000000 0.000000
268 2.670000 0.000000 0.000000
269 2.680000 0.000000 0.000000
270 2.690000 0.000000 0.000000
271 2.700000 0.000000 0.000000
272 2.710000 0.000000 0.000000
273 2.720000 0.000000 0.000000
274 2.730000 0.000000 0.000000
275 2.740000 0.000000 0.000000
276 2.750000 0.000000 0.000000
277 2.760000 0.000000 0.000000
278 2.770000 0.000000 0.000000
279 2.780000 0.000000 0.000000
280 2.790000 0.000000 0.000000
281 2.800000 0.000000 0.000000
282 2.810000 0.000000 0.000000
283 2.820000 0.000000 0.000000
284 2.830000 0.000000 0.000000
285 2.840000 0.000000 0.000000
286 2.850000 0.000000 0.000000
287 2.860000 0.000000 0.000000
288 2.870000 0.000000 0.000000
289 2.880000 0.000000 0.000000
290 2.890000 0.000000 0.000000
291 2.900000 0.000000 0.000000
292 2.910000 0.000000 0.000000
293 2.920000 0.000000 0.000000
294 2.930000 0.000000 0.000000
295 2.940000 0.000000 0.000000
296 2.950000 0.000000 0.000000
297 2.960000 0.000000 0.000000
298 2.970000 0.000000 0.000000
299 2.980000 0.000000 0.000000
300 2.990000 0.000000 0.000000
301 3.000000 0.000000 0.000000
302 3.010000 0.000000 0.000000
303 3.020000 0.000000 0.000000
304 3.030000 0.000000 0.000000
305 3.040000 0.000000 0.000000
306 3.050000 0.000000 0.000000
307 3.060000 0.000000 0.000000
308 3.070000 0.000000 0.000000
309 3.080000 0.000000 0.000000
310 3.090000 0.000000 0.000000
311 3.100000 0.000000 0.000000
312 3.110000 0.000000 0.000000
313 3.120000 0.000000 0.000000
314 3.130000 0.000000 0.000000
315 3.140000 0.000000 0.000000
316 3.150000 0.000000 0.000000
317 3.160000 0.000000 0.000000
318 3.170000 0.000000 0.000000
319 3.180000 0.000000 0.000000
320 3.190000 0.000000 0.000000
321 3.200000 0.000000 0.000000
322 3.210000 0.000000 0.000000
323 3.220000 0.000000 0.000000
324 3.230000 0.000000 0.000000
325 3.240000 0.000000 0.000000
326 3.250000 0.000000 0.000000
327 3.260000 0.000000 0.000000
328 3.270000 0.000000 0.000000
329 3.280000 0.000000 0.000000
330 3.290000 0.000000 0.000000
331 3.300000 0.000000 0.000000
332 3.310000 0.000000 0.000000
333 3.320000 0.000000 0.000000
334 3.330000 0.000000 0.000000
335 3.340000 0.000000 0.000000
336 3.350000 0.000000 0.000000
337 3.360000 0.000000 0.000000
338 3.370000 0.000000 0.000000
339 3.380000 0.000000 0.000000
340 3.390000 0.000000 0.000000
341 3.400000 0.000000 0.000000
342 3.410000 0.000000 0.000000
343 3.420000 0.000000 0.000000
344 3.430000 0.000000 0.000000
345 3.440000 0.000000 0.000000
346 3.450000 0.000000 0.000000
347 3.460000 0.000000 0.000000
348 3.470000 0.000000 0.000000
349 3.480000 0.000000 0.000000
350 3.490000 0.000000 0.000000
351 3.500000 0.000000 0.000000
352 3.510000 0.000000 0.000000
353 3.520000 0.000000 0.000000
354 3.530000 0.000000 0.000000
355 3.540000 0.000000 0.000000
356 3.550000 0.000000 0.000000
357 3.560000 0.000000 0.000000
358 3.570000 0.000000 0.000000
359 3.580000 0.000000 0.000000
360 3.590000 0.000000 0.000000
361 3.600000 0.000000 0.000000
362 3.610000 0.000000 0.000000
363 3.620000 0.000000 0.000000
364 3.630000 0.000000 0.000000
365 3.640000 0.000000 0.000000
366 3.650000 0.000000 0.000000
367 3.660000 0.000000 0.000000
368 3.670000 0.000000 0.000000
369 3.680000 0.000000 0.000000
370 3.690000 0.000000 0.000000
371 3.700000 0.000000 0.000000
372 3.710000 0.000000 0.000000
373 3.720000 0.000000 0.000000
374 3.730000 0.000000 0.000000
375 3.740000 0.000000 0.000000
376 3.750000 0.000000 0.000000
377 3.760000 0.000000 0.000000
378 3.770000 0.000000 0.000000
379 3.780000 0.000000 0.000000
380 3.790000 0.000000 0.000000
381 3.800000 0.000000 0.000000
382 3.810000 0.000000 0.000000
383 3.820000 0.000000 0.000000
384 3.830000 0.000000 0.000000
385 3.840000 0.000000 0.000000
386 3.850000 0.000000 0.000000
387 3.860000 0.000000 0.000000
388 3.870000 0.000000 0.000000
389 3.880000 0.000000 0.000000
390 3.890000 0.000000 0.000000
391 3.900000 0.000000 0.000000
392 3.910000 0.000000 0.000000
393 3.920000 0.000000 0.000000
394 3.930000 0.000000 0.000000
395 3.940000 0.000000 0.000000
396 3.950000 0.000000 0.000000
397 3.960000 0.000000 0.000000
398 3.970000 0.000000 0.000000
399 3.980000 0.000000 0.000000
400 3.990000 0.000000 0.000000
401 4.000000 0.000000 0.000000

HEAD_TAIL
N 401 R 0.000001 4.000000

1 0.000001 0.000000 0.000000
2 0.010000 2161440350647607518822400.000000 2593728420778890895481110528.000000
3 0.020000 527695398062100709376.000000 316617238851043104653312.000000
4 0.030000 4067131343850062336.000000 1626852538346708926464.000000
5 0.040000 128831883585858496.000000 38649565183436988416.000000
6 0.050000 8853259488081101.000000 2124782299721489152.000000
7 0.060000 992951926207085.500000 198590391543644928.000000
8 0.070000 156158887055179.062500 26770097065977256.000000
9 0.080000 31453085537227.195312 4717963671829832.000000
10 0.090000 7653019634383.599609 1020402986772367.875000
11 0.100000 2161437410283.985352 259372665656012.125000
12 0.110000 688699846600.110840 75130982888675.812500
13 0.120000 242418934523.303925 24241942688387.753906
14 0.130000 92772695554.949768 8563661551482.013672
15 0.140000 38124343876.568542 3267817639811.164551
16 0.150000 16658711862.666004 1332707274503.870850
17 0.160000 7678803441.103481 575916830241.413208
18 0.170000 3709726886.129636 261867373669.903687
19 0.180000 1868327898.144181 124558074820.194244
20 0.190000 976500000.999998 61675657894.736687
21 0.200000 527649455.864879 31660345589.187614
22 0.210000 293806260.511241 16789908645.082933
23 0.220000 168114083.438129 9170566326.526011
24 0.230000 98610181.495127 5145397135.359623
25 0.240000 59169165.297856 2958842872.372237
26 0.250000 36250908.888444 1740332628.538169
27 0.260000 22640215.252607 1045152619.667436
28 0.270000 14392928.420337 639854320.962319
29 0.280000 9301695.744822 398774811.984595
30 0.290000 6104017.717125 252682276.475626
31 0.300000 4063098.921872 162604585.395105
32 0.310000 2740806.847436 106159834.284035
33 0.320000 1872013.228410 70251804.140783
34 0.330000 1293637.623279 47082727.461649
35 0.340000 903822.389327 31933167.708250
36 0.350000 638028.370186 21902644.696022
37 0.360000 454806.060338 15182681.781435
38 0.370000 327194.054124 10630250.689058
39 0.380000 237443.016602 7513588.353207
40 0.390000 173734.710287 5358508.469115
41 0.400000 128115.021129 3854188.581495
42 0.410000 95175.694590 2794659.517251
43 0.420000 71203.733281 2042016.387369
44 0.430000 53626.450912 1503014.644703
45 0.440000 40645.593596 1114014.575978
46 0.450000 30993.690585 831193.088925
47 0.460000 23770.248288 624115.416996
48 0.470000 18330.617960 471472.559289
49 0.480000 14209.942248 358228.692769
50 0.490000 11070.674537 273695.309628
51 0.500000 8666.076152 210220.029942
52 0.510000 6814.633252 162286.683398
53 0.520000 5381.995700 125892.872001
54 0.530000 4268.136868 98116.253151
55 0.540000 3398.163685 76810.165684
56 0.550000 2715.696677 60388.560510
57 0.560000 2178.071621 47673.030759
58 0.570000 1752.840750 37783.319810
59 0.580000 1415.206838 30058.470465
60 0.590000 1146.130977 23999.705760
61 0.600000 930.929708 19228.816970
62 0.610000 758.229563 15457.682582
63 0.620000 619.184089 12465.822566
64 0.630000 506.884625 10083.785213
65 0.640000 415.914818 8180.790148
66 0.650000 342.012307 6655.493196
67 0.660000 281.810669 5429.052488
68 0.670000 232.641766 4439.899069
69 0.680000 192.383722 3639.775908
70 0.690000 159.343555 2990.725059
71 0.700000 132.166200 2462.786676
72 0.710000 109.763738 2032.234764
73 0.720000 91.260139 1680.219270
74 0.730000 75.947974 1391.717054
75 0.740000 63.254382 1154.718549
76 0.750000 52.714228 959.594954
77 0.760000 43.948872 798.604206
78 0.770000 36.649308 665.504021
79 0.780000 30.562750 555.247832
80 0.790000 25.481924 463.745109
81 0.800000 21.236485 387.671861
82 0.810000 17.686136 324.320364
83 0.820000 14.715086 271.479665
84 0.830000 12.227574 227.340274
85 0.840000 10.144253 190.417955
86 0.850000 8.399249 159.492629
87 0.860000 6.937780 133.559247
88 0.870000 5.714205 111.788215
89 0.880000 4.690441 93.493410
90 0.890000 3.834655 78.106288
91 0.900000 3.120205 65.154867
92 0.910000 2.524755 54.246625
93 0.920000 2.029558 45.054564
94 0.930000 1.618857 37.305814
95 0.940000 1.279395 30.772315
96 0.950000 1.000000 25.263158
97 0.960000 0.771253 20.618297
98 0.970000 0.585203 16.703371
99 0.980000 0.435131 13.405424
100 0.990000 0.315357 10.629373
101 1.000000 0.221073 8.295079
102 1.010000 0.148209 6.334918
103 1.020000 0.093319 4.691763
104 1.030000 0.053479 3.317301
105 1.040000 0.026214 2.170635
106 1.050000 0.009423 1.217110
107 1.060000 0.001327 0.427337
108 1.070000 0.000000 0.000000
109 1.080000 0.000000 0.000000
110 1.090000 0.000000 0.000000
111 1.100000 0.000000 0.000000
112 1.110000 0.000000 0.000000
113 1.120000 0.000000 0.000000
114 1.130000 0.000000 0.000000
115 1.140000 0.000000 0.000000
116 1.150000 0.000000 0.000000
117 1.160000 0.000000 0.000000
118 1.170000 0.000000 0.000000
119 1.180000 0.000000 0.000000
120 1.190000 0.000000 0.000000
121 1.200000 0.000000 0.000000
122 1.210000 0.000000 0.000000
123 1.220000 0.000000 0.000000
124 1.230000 0.000000 0.000000
125 1.240000 0.000000 0.000000
126 1.250000 0.000000 0.000000
127 1.260000 0.000000 0.000000
128 1.270000 0.000000 0.000000
129 1.280000 0.000000 0.000000
130 1.290000 0.000000 0.000000
131 1.300000 0.000000 0.000000
132 1.310000 0.000000 0.000000
133 1.320000 0.000000 0.000000
134 1.330000 0.000000 0.000000
135 1.340000 0.000000 0.000000
136 1.350000 0.000000 0.000000
137 1.360000 0.000000 0.000000
138 1.370000 0.000000 0.000000
139 1.380000 0.000000 0.000000
140 1.390000 0.000000 0.000000
141 1.400000 0.000000 0.000000
142 1.410000 0.000000 0.000000
143 1.420000 0.000000 0.000000
144 1.430000 0.000000 0.000000
145 1.440000 0.000000 0.000000
146 1.450000 0.000000 0.000000
147 1.460000 0.000000 0.000000
148 1.470000 0.000000 0.000000
149 1.480000 0.000000 0.000000
150 1.490000 0.000000 0.000000
151 1.500000 0.000000 0.000000
152 1.510000 0.000000 0.000000
153 1.520000 0.000000 0.000000
154 1.530000 0.000000 0.000000
155 1.540000 0.000000 0.000000
156 1.550000 0.000000 0.000000
157 1.560000 0.000000 0.000000
158 1.570000 0.000000 0.000000
159 1.580000 0.000000 0.000000
160 1.590000 0.000000 0.000000
161 1.600000 0.000000 0.000000
162 1.610000 0.000000 0.000000
163 1.620000 0.000000 0.000000
164 1.630000 0.000000 0.000000
165 1.640000 0.000000 0.000000
166 1.650000 0.000000 0.000000
167 1.660000 0.000000 0.000000
168 1.670000 0.000000 0.000000
169 1.680000 0.000000 0.000000
170 1.690000 0.000000 0.000000
171 1.700000 0.000000 0.000000
172 1.710000 0.000000 0.000000
173 1.720000 0.000000 0.000000
174 1.730000 0.000000 0.000000
175 1.740000 0.000000 0.000000
176 1.750000 0.000000 0.000000
177 1.760000 0.000000 0.000000
178 1.770000 0.000000 0.000000
179 1.780000 0.000000 0.000000
180 1.790000 0.000000 0.000000
181 1.800000 0.000000 0.000000
182 1.810000 0.000000 0.000000
183 1.820000 0.000000 0.000000
184 1.830000 0.000000 0.000000
185 1.840000 0.000000 0.000000
186 1.850000 0.000000 0.000000
187 1.860000 0.000000 0.000000
188 1.870000 0.000000 0.000000
189 1.880000 0.000000 0.000000
190 1.890000 0.000000 0.000000
191 1.900000 0.000000 0.000000
192 1.910000 0.000000 0.000000
193 1.920000 0.000000 0.000000
194 1.930000 0.000000 0.000000
195 1.940000 0.000000 0.000000
196 1.950000 0.000000 0.000000
197 1.960000 0.000000 0.000000
198 1.970000 0.000000 0.000000
199 1.980000 0.000000 0.000000
200 1.990000 0.000000 0.000000
201 2.000000 0.000000 0.000000
202 2.010000 0.000000 0.000000
203 2.020000 0.000000 0.000000
204 2.030000 0.000000 0.000000
205 2.040000 0.000000 0.000000
206 2.050000 0.000000 0.000000
207 2.060000 0.000000 0.000000
208 2.070000 0.000000 0.000000
209 2.080000 0.000000 0.000000
210 2.090000 0.000000 0.000000
211 2.100000 0.000000 0.000000
212 2.110000 0.000000 0.000000
213 2.120000 0.000000 0.000000
214 2.130000 0.000000 0.000000
215 2.140000 0.000000 0.000000
216 2.150000 0.000000 0.000000
217 2.160000 0.000000 0.000000
218 2.170000 0.000000 0.000000
219 2.180000 0.000000 0.000000
220 2.190000 0.000000 0.000000
221 2.200000 0.000000 0.000000
222 2.210000 0.000000 0.000000
223 2.220000 0.000000 0.000000
224 2.230000 0.000000 0.000000
225 2.240000 0.000000 0.000000
226 2.250000 0.000000 0.000000
227 2.260000 0.000000 0.000000
228 2.270000 0.000000 0.000000
229 2.280000 0.000000 0.000000
230 2.290000 0.000000 0.000000
231 2.300000 0.000000 0.000000
232 2.310000 0.000000 0.000000
233 2.320000 0.000000 0.000000
234 2.330000 0.000000 0.000000
235 2.340000 0.000000 0.000000
236 2.350000 0.000000 0.000000
237 2.360000 0.000000 0.000000
238 2.370000 0.000000 0.000000
239 2.380000 0.000000 0.000000
240 2.390000 0.000000 0.000000
241 2.400000 0.000000 0.000000
242 2.410000 0.000000 0.000000
243 2.420000 0.000000 0.000000
244 2.430000 0.000000 0.000000
245 2.440000 0.000000 0.000000
246 2.450000 0.000000 0.000000
247 2.460000 0.000000 0.000000
248 2.470000 0.000000 0.000000
249 2.480000 0.000000 0.000000
250 2.490000 0.000000 0.000000
251 2.500000 0.000000 0.000000
252 2.510000 0.000000 0.000000
253 2.520000 0.000000 0.000000
254 2.530000 0.000000 0.000000
255 2.540000 0.000000 0.000000
256 2.550000 0.000000 0.000000
257 2.560000 0.000000 0.000000
258 2.570000 0.000000 0.000000
259 2.580000 0.000000 0.000000
260 2.590000 0.000000 0.000000
261 2.600000 0.000000 0.000000
262 2.610000 0.000000 0.000000
263 2.620000 0.000000 0.000000
264 2.630000 0.000000 0.000000
265 2.640000 0.000000 0.000000
266 2.650000 0.000000 0.000000
267 2.660000 0.000000 0.000000
268 2.670000 0.000000 0.000000
269 2.680000 0.000000 0.000000
270 2.690000 0.000000 0.000000
271 2.700000 0.000000 0.000000
272 2.710000 0.000000 0.000000
273 2.720000 0.000000 0.000000
274 2.730000 0.000000 0.000000
275 2.740000 0.000000 0.000000
276 2.750000 0.000000 0.000000
277 2.760000 0.000000 0.000000
278 2.770000 0.000000 0.000000
279 2.780000 0.000000 0.000000
280 2.790000 0.000000 0.000000
281 2.800000 0.000000 0.000000
282 2.810000 0.000000 0.000000
283 2.820000 0.000000 0.000000
284 2.830000 0.000000 0.000000
285 2.840000 0.000000 0.000000
286 2.850000 0.000000 0.000000
287 2.860000 0.000000 0.000000
288 2.870000 0.000000 0.000000
289 2.880000 0.000000 0.000000
290 2.890000 0.000000 0.000000
291 2.900000 0.000000 0.000000
292 2.910000 0.000000 0.000000
293 2.920000 0.000000 0.000000
294 2.930000 0.000000 0.000000
295 2.940000 0.000000 0.000000
296 2.950000 0.000000 0.000000
297 2.960000 0.000000 0.000000
298 2.970000 0.000000 0.000000
299 2.980000 0.000000 0.000000
300 2.990000 0.000000 0.000000
301 3.000000 0.000000 0.000000
302 3.010000 0.000000 0.000000
303 3.020000 0.000000 0.000000
304 3.030000 0.000000 0.000000
305 3.040000 0.000000 0.000000
306 3.050000 0.000000 0.000000
307 3.060000 0.000000 0.000000
308 3.070000 0.000000 0.000000
309 3.080000 0.000000 0.000000
310 3.090000 0.000000 0.000000
311 3.100000 0.000000 0.000000
312 3.110000 0.000000 0.000000
313 3.120000 0.000000 0.000000
314 3.130000 0.000000 0.000000
315 3.140000 0.000000 0.000000
316 3.150000 0.000000 0.000000
317 3.160000 0.000000 0.000000
318 3.170000 0.000000 0.000000
319 3.180000 0.000000 0.000000
320 3.190000 0.000000 0.000000
321 3.200000 0.000000 0.000000
322 3.210000 0.000000 0.000000
323 3.220000 0.000000 0.000000
324 3.230000 0.000000 0.000000
325 3.240000 0.000000 0.000000
326 3.250000 0.000000 0.000000
327 3.260000 0.000000 0.000000
328 3.270000 0.000000 0.000000
329 3.280000 0.000000 0.000000
330 3.290000 0.000000 0.000000
331 3.300000 0.000000 0.000000
332 3.310000 0.000000 0.000000
333 3.320000 0.000000 0.000000
334 3.330000 0.000000 0.000000
335 3.340000 0.000000 0.000000
336 3.350000 0.000000 0.000000
337 3.360000 0.000000 0.000000
338 3.370000 0.000000 0.000000
339 3.380000 0.000000 0.000000
340 3.390000 0.000000 0.000000
341 3.400000 0.000000 0.000000
342 3.410000 0.000000 0.000000
343 3.420000 0.000000 0.000000
344 3.430000 0.000000 0.000000
345 3.440000 0.000000 0.000000
346 3.450000 0.000000 0.000000
347 3.460000 0.000000 0.000000
348 3.470000 0.000000 0.000000
349 3.480000 0.000000 0.000000
350 3.490000 0.000000 0.000000
351 3.500000 0.000000 0.000000
352 3.510000 0.000000 0.000000
353 3.520000 0.000000 0.000000
354 3.530000 0.000000 0.000000
355 3.540000 0.000000 0.000000
356 3.550000 0.000000 0.000000
357 3.560000 0.000000 0.000000
358 3.570000 0.000000 0.000000
359 3.580000 0.000000 0.000000
360 3.590000 0.000000 0.000000
361 3.600000 0.000000 0.000000
362 3.610000 0.000000 0.000000
363 3.620000 0.000000 0.000000
364 3.630000 0.000000 0.000000
365 3.640000 0.000000 0.000000
366 3.650000 0.000000 0.000000
367 3.660000 0.000000 0.000000
368 3.670000 0.000000 0.000000
369 3.680000 0.000000 0.000000
370 3.690000 0.000000 0.000000
371 3.700000 0.000000 0.000000
372 3.710000 0.000000 0.000000
373 3.720000 0.000000 0.000000
374 3.730000 0.000000 0.000000
375 3.740000 0.000000 0.000000
376 3.750000 0.000000 0.000000
377 3.760000 0.000000 0.000000
378 3.770000 0.000000 0.000000
379 3.780000 0.000000 0.000000
380 3.790000 0.000000 0.000000
381 3.800000 0.000000 0.000000
382 3.810000 0.000000 0.000000
383 3.820000 0.000000 0.000000
384 3.830000 0.000000 0.000000
385 3.840000 0.000000 0.000000
386 3.850000 0.000000 0.000000
387 3.860000 0.000000 0.000000
388 3.870000 0.000000 0.000000
389 3.880000 0.000000 0.000000
390 3.890000 0.000000 0.000000
391 3.900000 0.000000 0.000000
392 3.910000 0.000000 0.000000
393 3.920000 0.000000 0.000000
394 3.930000 0.000000 0.000000
395 3.940000 0.000000 0.000000
396 3.950000 0.000000 0.000000
397 3.960000 0.000000 0.000000
398 3.970000 0.000000 0.000000
399 3.980000 0.000000 0.000000
400 3.990000 0.000000 0.000000
401 4.000000 0.000000 0.000000

TAIL_TAIL
N 401 R 0.000001 4.000000

1 0.000001 0.000000 0.000000
2 0.010000 3999999999995999707725824.000000 4799999999997598070678224896.000000
3 0.020000 976562499937500004352.000000 585937499981249777762304.000000
4 0.030000 7526705687148720128.000000 3010682275956881096704.000000
5 0.040000 238418578125000000.000000 71525573583984353280.000000
6 0.050000 16383999744000000.000000 3932159969279997440.000000
7 0.060000 1837574546257248.500000 367514917824838144.000000
8 0.070000 288990429236596.312500 49541219354796968.000000
9 0.080000 58207645654678.343750 8731147992610928.000000
10 0.090000 14162817119182.900391 1888376117671434.750000
11 0.100000 3999996000000.000000 479999760000000.500000
12 0.110000 1274521012945.708496 139038779115662.093750
13 0.120000 448625279546.553955 44862594934250.781250
14 0.130000 171687100967.122345 15848078337188.726562
15 0.140000 70553781072.250778 6047489716531.549805
16 0.150000 30829035351.054977 2466336874723.629883
17 0.160000 14210616296.622902 1065805162943.433594
18 0.170000 6865346349.879549 484618532348.129211
19 0.180000 3457603256.036191 230510803894.961182
20 0.190000 1807158928.004511 114139038296.617722
21 0.200000 976499999.999998 58591874999.999847
22 0.210000 543739902.726732 31072184111.878654
23 0.220000 311127628.299641 16971560078.724821
24 0.230000 182499493.379421 9522417580.006592
25 0.240000 109507052.064558 5475875881.316449
26 0.250000 67092480.000000 3220832255.999991
27 0.260000 41903049.941880 1934285732.237306
28 0.270000 26639528.522336 1184208483.196407
29 0.280000 17216873.260370 738043867.822060
30 0.290000 11298625.429098 467668459.533016
31 0.300000 7521218.724186 300958488.336427
32 0.310000 5073808.319410 196492716.046068
33 0.320000 3465721.661655 130034411.505164
34 0.330000 2395143.138865 87152427.788625
35 0.340000 1673561.082347 59112555.692539
36 0.350000 1181528.973318 40546867.041137
37 0.360000 842332.557402 28108378.157278
38 0.370000 606071.119890 19681641.931764
39 0.380000 439893.177446 13912339.662092
40 0.390000 321924.360071 9922853.684245
41 0.400000 237442.016602 7137908.935547
42 0.410000 176435.450812 5176287.635225
43 0.420000 132031.660059 3782743.515595
44 0.430000 99468.250044 2784687.558254
45 0.440000 75416.262744 2064324.130372
46 0.450000 57529.220585 1540535.337797
47 0.460000 44139.942254 1156983.644674
48 0.470000 34054.846645 874222.695500
49 0.480000 26413.181465 664417.646696
50 0.490000 20589.881497 507780.654581
51 0.500000 16128.000000 390144.000000
52 0.510000 12691.351515 301294.396513
53 0.520000 10031.077542 233820.872331
54 0.530000 7961.876154 182311.949517
55 0.540000 6344.988397 142792.224654
56 0.550000 5075.941991 112324.247003
57 0.560000 4075.667156 88725.341557
58 0.570000 3284.018178 70364.910655
59 0.580000 2655.022026 56018.454503
60 0.590000 2153.374227 44761.819610
61 0.600000 1751.840750 35894.153820
62 0.610000 1429.321668 28881.467437
63 0.620000 1169.400839 23315.070198
64 0.630000 959.254371 18880.806522
65 0.640000 788.825286 15336.170940
66 0.650000 650.196650 12493.203783
67 0.660000 537.113366 10205.647944
68 0.670000 444.615844 8359.261950
69 0.680000 368.758212 6864.481939
70 0.690000 306.390715 5650.839586
71 0.700000 254.991024 4662.698464
72 0.710000 212.532986 3855.984565
73 0.720000 177.384120 3195.669530
74 0.730000 148.225307 2653.826099
75 0.740000 123.987627 2208.120224
76 0.750000 103.802544 1840.637693
77 0.760000 86.962472 1536.967937
78 0.770000 72.889471 1285.486272
79 0.780000 61.110325 1076.789779
80 0.790000 51.236635 903.252555
81 0.800000 42.948872 758.673996
82 0.810000 35.983576 637.999825
83 0.820000 30.123043 537.100183
84 0.830000 25.186999 452.592612
85 0.840000 21.025860 381.700456
86 0.850000 17.515264 322.139305
87 0.860000 14.551619 272.025666
88 0.870000 12.048476 229.803356
89 0.880000 9.933566 194.184004
90 0.890000 8.146368 164.098852
91 0.900000 6.636119 138.659624
92 0.910000 5.360169 117.126674
93 0.920000 4.282632 98.883003
94 0.930000 3.373272 83.413022
95 0.940000 2.606573 70.285155
96 0.950000 1.960975 59.137553
97 0.960000 1.418239 49.666347
98 0.970000 0.962916 41.615965
99 0.980000 0.581905 34.771137
100 0.990000 0.264083 28.950277
101 1.000000 -0.000000 24.000000
102 1.010000 -0.218384 19.790571
103 1.020000 -0.397913 16.212117
104 1.030000 -0.544418 13.171468
105 1.040000 -0.662870 10.589529
106 1.050000 -0.757512 8.399073
107 1.060000 -0.831965 6.542902
108 1.070000 -0.889321 4.972300
109 1.080000 -0.932223 3.645731
110 1.090000 -0.962930 2.527753
111 1.100000 -0.983372 1.588095
112 1.110000 -0.995200 0.800882
113 1.120000 -0.999824 0.143980
114 1.130000 -0.999945 -0.014530
115 1.140000 -0.999704 -0.033800
116 1.150000 -0.999269 -0.053058
117 1.160000 -0.998642 -0.072295
118 1.170000 -0.997823 -0.091504
119 1.180000 -0.996813 -0.110678
120 1.190000 -0.995610 -0.129809
121 1.200000 -0.994217 -0.148890
122 1.210000 -0.992632 -0.167914
123 1.220000 -0.990858 -0.186872
124 1.230000 -0.988895 -0.205759
125 1.240000 -0.986744 -0.224567
126 1.250000 -0.984404 -0.243288
127 1.260000 -0.981878 -0.261915
128 1.270000 -0.979166 -0.280441
129 1.280000 -0.976270 -0.298859
130 1.290000 -0.973189 -0.317162
131 1.300000 -0.969927 -0.335343
132 1.310000 -0.966483 -0.353394
133 1.320000 -0.962859 -0.371309
134 1.330000 -0.959057 -0.389081
135 1.340000 -0.955078 -0.406703
136 1.350000 -0.950924 -0.424169
137 1.360000 -0.946595 -0.441470
138 1.370000 -0.942095 -0.458602
139 1.380000 -0.937424 -0.475556
140 1.390000 -0.932584 -0.492328
141 1.400000 -0.927578 -0.508909
142 1.410000 -0.922407 -0.525294
143 1.420000 -0.917073 -0.541477
144 1.430000 -0.911578 -0.557451
145 1.440000 -0.905925 -0.573211
146 1.450000 -0.900115 -0.588749
147 1.460000 -0.894150 -0.604060
148 1.470000 -0.888034 -0.619138
149 1.480000 -0.881768 -0.633978
150 1.490000 -0.875355 -0.648573
151 1.500000 -0.868798 -0.662918
152 1.510000 -0.862098 -0.677008
153 1.520000 -0.855258 -0.690836
154 1.530000 -0.848282 -0.704399
155 1.540000 -0.841171 -0.717689
156 1.550000 -0.833929 -0.730703
157 1.560000 -0.826558 -0.743436
158 1.570000 -0.819061 -0.755882
159 1.580000 -0.811442 -0.768036
160 1.590000 -0.803702 -0.779894
161 1.600000 -0.795845 -0.791452
162 1.610000 -0.787874 -0.802704
163 1.620000 -0.779792 -0.813647
164 1.630000 -0.771602 -0.824276
165 1.640000 -0.763307 -0.834588
166 1.650000 -0.754911 -0.844578
167 1.660000 -0.746417 -0.854242
168 1.670000 -0.737827 -0.863577
169 1.680000 -0.729146 -0.872579
170 1.690000 -0.720377 -0.881244
171 1.700000 -0.711522 -0.889570
172 1.710000 -0.702587 -0.897553
173 1.720000 -0.693573 -0.905190
174 1.730000 -0.684484 -0.912478
175 1.740000 -0.675324 -0.919414
176 1.750000 -0.666097 -0.925995
177 1.760000 -0.656805 -0.932220
178 1.770000 -0.647454 -0.938085
179 1.780000 -0.638045 -0.943589
180 1.790000 -0.628583 -0.948729
181 1.800000 -0.619072 -0.953503
182 1.810000 -0.609514 -0.957909
183 1.820000 -0.599915 -0.961947
184 1.830000 -0.590277 -0.965613
185 1.840000 -0.580604 -0.968907
186 1.850000 -0.570900 -0.971828
187 1.860000 -0.561168 -0.974373
188 1.870000 -0.551413 -0.976544
189 1.880000 -0.541639 -0.978338
190 1.890000 -0.531848 -0.979754
191 1.900000 -0.522045 -0.980793
192 1.910000 -0.512233 -0.981454
193 1.920000 -0.502417 -0.981736
194 1.930000 -0.492600 -0.981640
195 1.940000 -0.482786 -0.981166
196 1.950000 -0.472978 -0.980313
197 1.960000 -0.463181 -0.979082
198 1.970000 -0.453397 -0.977474
199 1.980000 -0.443632 -0.975489
200 1.990000 -0.433889 -0.973128
201 2.000000 -0.424171 -0.970392
202 2.010000 -0.414482 -0.967282
203 2.020000 -0.404827 -0.963798
204 2.030000 -0.395208 -0.959944
205 2.040000 -0.385629 -0.955719
206 2.050000 -0.376094 -0.951125
207 2.060000 -0.366608 -0.946165
208 2.070000 -0.357172 -0.940841
209 2.080000 -0.347792 -0.935153
210 2.090000 -0.338471 -0.929105
211 2.100000 -0.329211 -0.922699
212 2.110000 -0.320018 -0.915937
213 2.120000 -0.310894 -0.908822
214 2.130000 -0.301842 -0.901357
215 2.140000 -0.292868 -0.893544
216 2.150000 -0.283973 -0.885387
217 2.160000 -0.275161 -0.876888
218 2.170000 -0.266436 -0.868051
219 2.180000 -0.257801 -0.858880
220 2.190000 -0.249260 -0.849377
221 2.200000 -0.240815 -0.839548
222 2.210000 -0.232470 -0.829394
223 2.220000 -0.224228 -0.818921
224 2.230000 -0.216092 -0.808132
225 2.240000 -0.208066 -0.797031
226 2.250000 -0.200153 -0.785623
227 2.260000 -0.192355 -0.773912
228 2.270000 -0.184676 -0.761903
229 2.280000 -0.177118 -0.749600
230 2.290000 -0.169684 -0.737009
231 2.300000 -0.162379 -0.724133
232 2.310000 -0.155203 -0.710977
233 2.320000 -0.148160 -0.697548
234 2.330000 -0.141253 -0.683850
235 2.340000 -0.134484 -0.669888
236 2.350000 -0.127856 -0.655668
237 2.360000 -0.121371 -0.641196
238 2.370000 -0.115033 -0.626476
239 2.380000 -0.108843 -0.611514
240 2.390000 -0.102803 -0.596317
241 2.400000 -0.096917 -0.580890
242 2.410000 -0.091186 -0.565239
243 2.420000 -0.085613 -0.549370
244 2.430000 -0.080199 -0.533289
245 2.440000 -0.074948 -0.517002
246 2.450000 -0.069860 -0.500517
247 2.460000 -0.064938 -0.483838
248 2.470000 -0.060184 -0.466973
249 2.480000 -0.055599 -0.449928
250 2.490000 -0.051186 -0.432709
251 2.500000 -0.046946 -0.415323
252 2.510000 -0.042880 -0.397778
253 2.520000 -0.038991 -0.380079
254 2.530000 -0.035279 -0.362233
255 2.540000 -0.031746 -0.344248
256 2.550000 -0.028394 -0.326130
257 2.560000 -0.025224 -0.307887
258 2.570000 -0.022237 -0.289525
259 2.580000 -0.019434 -0.271051
260 2.590000 -0.016816 -0.252472
261 2.600000 -0.014385 -0.233797
262 2.610000 -0.012141 -0.215031
263 2.620000 -0.010085 -0.196182
264 2.630000 -0.008217 -0.177258
265 2.640000 -0.006540 -0.158265
266 2.650000 -0.005052 -0.139211
267 2.660000 -0.003756 -0.120104
268 2.670000 -0.002650 -0.100950
269 2.680000 -0.001737 -0.081757
270 2.690000 -0.001015 -0.062533
271 2.700000 -0.000486 -0.043285
272 2.710000 -0.000150 -0.024020
273 2.720000 -0.000006 -0.004746
274 2.730000 0.000000 0.000000
275 2.740000 0.000000 0.000000
276 2.750000 0.000000 0.000000
277 2.760000 0.000000 0.000000
278 2.770000 0.000000 0.000000
279 2.780000 0.000000 0.000000
280 2.790000 0.000000 0.000000
281 2.800000 0.000000 0.000000
282 2.810000 0.000000 0.000000
283 2.820000 0.000000 0.000000
284 2.830000 0.000000 0.000000
285 2.840000 0.000000 0.000000
286 2.850000 0.000000 0.000000
287 2.860000 0.000000 0.000000
288 2.870000 0.000000 0.000000
289 2.880000 0.000000 0.000000
290 2.890000 0.000000 0.000000
291 2.900000 0.000000 0.000000
292 2.910000 0.000000 0.000000
293 2.920000 0.000000 0.000000
294 2.930000 0.000000 0.000000
295 2.940000 0.000000 0.000000
296 2.950000 0.000000 0.000000
297 2.960000 0.000000 0.000000
298 2.970000 0.000000 0.000000
299 2.980000 0.000000 0.000000
300 2.990000 0.000000 0.000000
301 3.000000 0.000000 0.000000
302 3.010000 0.000000 0.000000
303 3.020000 0.000000 0.000000
304 3.030000 0.000000 0.000000
305 3.040000 0.000000 0.000000
306 3.050000 0.000000 0.000000
307 3.060000 0.000000 0.000000
308 3.070000 0.000000 0.000000
309 3.080000 0.000000 0.000000
310 3.090000 0.000000 0.000000
311 3.100000 0.000000 0.000000
312 3.110000 0.000000 0.000000
313 3.120000 0.000000 0.000000
314 3.130000 0.000000 0.000000
315 3.140000 0.000000 0.000000
316 3.150000 0.000000 0.000000
317 3.160000 0.000000 0.000000
318 3.170000 0.000000 0.000000
319 3.180000 0.000000 0.000000
320 3.190000 0.000000 0.000000
321 3.200000 0.000000 0.000000
322 3.210000 0.000000 0.000000
323 3.220000 0.000000 0.000000
324 3.230000 0.000000 0.000000
325 3.240000 0.000000 0.000000
326 3.250000 0.000000 0.000000
327 3.260000 0.000000 0.000000
328 3.270000 0.000000 0.000000
329 3.280000 0.000000 0.000000
330 3.290000 0.000000 0.000000
331 3.300000 0.000000 0.000000
332 3.310000 0.000000 0.000000
333 3.320000 0.000000 0.000000
334 3.330000 0.000000 0.000000
335 3.340000 0.000000 0.000000
336 3.350000 0.000000 0.000000
337 3.360000 0.000000 0.000000
338 3.370000 0.000000 0.000000
339 3.380000 0.000000 0.000000
340 3.390000 0.000000 0.000000
341 3.400000 0.000000 0.000000
342 3.410000 0.000000 0.000000
343 3.420000 0.000000 0.000000
344 3.430000 0.000000 0.000000
345 3.440000 0.000000 0.000000
346 3.450000 0.000000 0.000000
347 3.460000 0.000000 0.000000
348 3.470000 0.000000 0.000000
349 3.480000 0.000000 0.000000
350 3.490000 0.000000 0.000000
351 3.500000 0.000000 0.000000
352 3.510000 0.000000 0.000000
353 3.520000 0.000000 0.000000
354 3.530000 0.000000 0.000000
355 3.540000 0.000000 0.000000
356 3.550000 0.000000 0.000000
357 3.560000 0.000000 0.000000
358 3.570000 0.000000 0.000000
359 3.580000 0.000000 0.000000
360 3.590000 0.000000 0.000000
361 3.600000 0.000000 0.000000
362 3.610000 0.000000 0.000000
363 3.620000 0.000000 0.000000
364 3.630000 0.000000 0.000000
365 3.640000 0.000000 0.000000
366 3.650000 0.000000 0.000000
367 3.660000 0.000000 0.000000
368 3.670000 0.000000 0.000000
369 3.680000 0.000000 0.000000
370 3.690000 0.000000 0.000000
371 3.700000 0.000000 0.000000
372 3.710000 0.000000 0.000000
373 3.720000 0.000000 0.000000
374 3.730000 0.000000 0.000000
375 3.740000 0.000000 0.000000
376 3.750000 0.000000 0.000000
377 3.760000 0.000000 0.000000
378 3.770000 0.000000 0.000000
379 3.780000 0.000000 0.000000
380 3.790000 0.000000 0.000000
381 3.800000 0.000000 0.000000
382 3.810000 0.000000 0.000000
383 3.820000 0.000000 0.000000
384 3.830000 0.000000 0.000000
385 3.840000 0.000000 0.000000
386 3.850000 0.000000 0.000000
387 3.860000 0.000000 0.000000
388 3.870000 0.000000 0.000000
389 3.880000 0.000000 0.000000
390 3.890000 0.000000 0.000000
391 3.900000 0.000000 0.000000
392 3.910000 0.000000 0.000000
393 3.920000 0.000000 0.000000
394 3.930000 0.000000 0.000000
395 3.940000 0.000000 0.000000
396 3.950000 0.000000 0.000000
397 3.960000 0.000000 0.000000
398 3.970000 0.000000 0.000000
399 3.980000 0.000000 0.000000
400 3.990000 0.000000 0.000000
401 4.000000 0.000000 0.000000

