-9.04656 37.9741 -9.94262
3.20814 -21.8542 20.1384
22.1283 15.6168 16.7046
17.4089 11.6577 -21.1946
-13.0355 33.927 28.8483
-16.2412 -29.0086 -7.90278
5.23263 -34.379 14.4765
17.9064 -15.1309 18.418
20.7111 10.0044 -16.8564
12.6395 24.9351 -20.3808
22.248 9.48774 18.5518
13.5611 -9.64871 23.807
-11.811 -30.5809 5.00004
23.567 -0.521494 14.9584
5.14085 -27.0577 18.3026
-28.9412 20.8527 -10.7801
-10.6188 -0.676635 -27.9553
-13.4034 24.2477 -22.976
-17.8853 -11.568 12.4496
5.5372 13.06 36.8924
11.7386 35.4699 11.0846
-6.71722 36.1907 -14.1466
-28.6882 10.4043 -9.65743
-21.1259 -10.4787 8.07207
-1.75172 0.125608 30.2562
1.01881 8.75458 34.7175
2.56059 27.6638 -24.6351
-31.7338 13.0229 -3.11031
-22.3974 4.64949 -17.6685
-21.8113 -12.4126 1.54043
-24.8935 9.56974 -15.6191
-21.9957 31.1934 -11.3569
11.6528 34.4014 17.6975
-31.5345 35.612 17.3405
29.6385 -20.1069 -12.0455
-28.3554 37.2934 21.9994
19.9514 -4.46714 -21.68
28.1444 -36.8128 -7.57905
-17.2771 38.8231 -5.53875
23.956 -19.6814 -23.6551
-3.15309 42.5289 2.0782
16.4503 -50.2183 -0.320856
18.6234 -41.9206 -22.4818
-8.84797 43.504 7.95814
24.8681 -11.7387 -18.8283
12.442 5.50827 -28.1175
-8.5984 -18.8639 -25.5968
1.02594 -28.815 -28.9792
3.94351 -38.7978 11.2734
4.98166 40.2394 4.08678
-5.02866 -45.3307 -20.0849
-31.0882 12.4168 11.6963
24.2372 -42.8881 4.30892
12.4277 32.8103 -15.8169
-6.09634 -34.7916 -23.925
25.5262 0.439727 8.90524
17.8431 -42.9579 8.40283
-25.8413 42.5724 16.3017
-14.4293 -30.1864 -14.5076
12.2044 -53.3571 -12.242
-11.8509 36.8256 -11.0347
-22.861 38.0822 -4.31037
4.99524 -42.0067 -26.7759
24.4029 -8.88967 12.8287
14.1975 -52.1455 -14.7754
-18.341 2.55085 21.6491
-33.8492 30.534 -0.963929
18.715 27.6855 -2.03599
-34.0125 34.6843 4.34188
16.9947 24.3677 26.333
12.003 -32.9883 -28.5271
2.98025 -3.44475 28.817
-17.0709 43.6215 3.35789
28.2769 -36.5053 -13.2276
-7.16812 -42.8625 -19.5658
-2.55487 33.7659 29.8696
-14.4499 2.01821 -25.4991
13.0023 -47.3673 -20.8277
28.9154 -31.819 -3.04242
7.43756 -1.40044 28.6782
14.4861 25.9362 31.5268
-2.29652 -5.45357 27.9357
-8.22533 26.1428 -24.8574
18.6262 27.0283 1.12295
-12.098 -28.2139 6.43915
-21.1405 25.7879 27.847
-20.7068 -3.32825 -18.379
11.9658 -4.46451 26.7751
-30.2766 7.55747 -2.02469
16.4953 -40.7745 10.3488
7.45886 26.2867 36.3941
-30.8372 21.0124 -7.74597
-11.3824 35.2013 -13.2958
9.23713 37.7469 3.552
-11.5003 16.564 -28.5199
-28.3656 5.03501 -6.09627
-1.61732 0.434631 -31.1765
13.4803 28.9192 30.1316
-9.59086 -30.0415 -22.6193
15.8109 31.9465 2.24778
12.8269 -14.9755 21.7292
-8.37482 -35.6521 5.90322
10.0682 21.7128 -24.7006
22.7787 16.2334 10.2671
-13.9699 -33.3269 -4.24548
-12.1736 13.4193 -27.4771
23.9733 -6.31315 13.9475
10.3876 -24.335 18.312
9.26242 -51.4163 -17.0249
-28.1091 39.0602 19.993
-4.15444 40.1172 20.3713
-19.8309 -17.548 -0.610315
-8.07539 -44.9599 -14.1253
19.5043 -20.2571 15.8369
22.7656 -37.8423 -22.3274
-20.0794 2.05852 19.1689
3.71163 -14.1088 23.9445
-9.10115 41.8742 -1.50426
-1.01321 37.1048 -14.7165
10.0406 32.9302 29.4283
-14.4601 -31.0228 -2.91192
25.9393 -16.054 7.49977
-6.78385 -47.1861 -1.5195
-7.69628 5.29473 -29.7877
-12.6502 -35.3754 -1.77184
11.8297 -27.4509 17.1803
22.0741 -7.02357 16.6779
-9.46468 -36.6691 2.76096
9.70046 -15.0214 22.856
22.7201 16.9707 6.93963
12.1294 19.1892 -23.8431
-30.7048 8.78223 7.5373
15.4199 9.1009 -24.7754
1.83177 0.659254 -31.2391
-10.9004 -27.2555 -21.6918
-5.79328 26.2536 -25.893
-14.1431 33.3869 -13.7331
-28.0359 2.61758 -3.73967
-17.5693 -13.7227 11.2343
-29.3239 7.15713 -5.06405
-13.1006 -2.68319 23.5663
9.9626 27.4659 34.5017
-34.2973 24.7986 14.3987
-14.1722 -26.6729 4.31397
10.147 -7.18301 26.4126
-21.2376 -5.99961 -16.4301
2.42881 3.35903 32.5898
-34.8061 30.2184 12.4925
17.5202 29.2681 3.44733
-8.20626 28.4005 -22.495
27.9664 -36.1921 -16.5054
12.4066 -48.7595 3.54144
-4.61455 36.7907 26.1618
0.232764 -47.8867 -21.387
26.0462 -8.18688 9.94425
30.0159 -22.5118 -10.5347
16.3232 25.7448 -15.6014
10.3792 -50.2662 1.4504
22.2907 -33.7674 -25.2363
19.9755 20.4964 19.7377
7.41595 7.88177 -29.3696
-0.67475 41.5339 -2.77902
29.4845 -26.1156 -3.03466
8.19757 -53.6206 -8.84886
-35.0034 25.8528 -2.20611
19.6213 22.9824 -8.41801
14.3902 -51.4219 -1.67448
28.6005 -33.1524 -17.6985
-0.261984 41.9933 6.80959
17.3187 -44.7484 -21.2355
-29.2087 15.2214 -10.6371
11.8286 -2.57658 -28.6934
-6.37161 -26.7101 -26.1394
18.8612 22.9833 21.8711
4.98155 27.9704 36.0083
14.9329 -48.9264 2.5701
-21.6137 7.32687 21.6721
-19.8163 35.8545 -8.72882
27.1174 -39.967 -8.76548
-8.97513 42.9198 1.50042
-31.7698 30.6736 20.3465
7.53783 38.2183 11.2686
-19.1324 -1.11651 18.4134
10.5843 -27.5101 -29.8715
11.0554 10.8062 -27.7553
-2.2594 -2.267 -30.7795
-9.96745 -44.0095 -4.97518
-16.9714 -13.7099 -18.9759
-7.21894 -45.0362 -0.0096389
-12.0072 40.5509 21.6943
24.5461 9.30375 1.59941
-7.70645 -31.3065 8.77405
15.7877 -2.18307 24.9131
24.1169 11.9265 -3.50634
8.41341 21.1274 -26.5995
-23.1077 -10.0366 -3.58921
-18.4891 24.5454 29.4818
12.4066 0.0392335 27.1521
-18.4274 -17.1529 -14.6026
10.9887 11.9591 34.823
14.8205 30.5791 17.3905
1.65947 36.9284 -15.4394
-21.6952 13.229 -18.7242
14.1129 34.7211 -5.93692
-20.4438 23.8554 -17.0638
-34.419 34.7911 9.98871
-10.6148 -11.5841 20.5571
-28.4079 2.40143 -1.16971
5.27617 25.4337 -25.1152
13.399 32.1051 21.7017
26.4566 -1.01706 -8.82179
22.5788 -45.8165 -14.343
20.0138 -46.1847 3.87953
-7.70738 -40.2085 -20.8158
-0.0525495 16.1067 -32.3219
14.7843 30.3897 -15.2761
0.0656478 -49.981 -15.9158
12.516 -8.00656 -28.2929
-33.0268 29.1703 17.5551
-0.825112 -50.6089 -13.248
20.3272 -43.2506 7.58876
12.9891 -13.9351 -29.0375
4.12128 -36.9422 -28.5865
8.72592 -42.0044 9.77005
-21.9908 14.4174 24.9699
28.2528 -6.33418 -5.9596
-5.60482 -11.3107 23.2552
-24.8042 -5.62394 -4.45942
-22.1576 21.2399 -17.0002
7.40447 39.374 -7.12626
-19.9099 43.2369 17.545
-0.0582885 11.9057 35.9585
-20.1764 -5.29464 14.6603
-13.17 -8.75906 -24.3376
-16.4775 -25.0761 -0.409697
-24.6435 19.4998 24.4383
4.61199 -8.9005 26.5333
-17.0761 -21.8642 3.8469
-23.7166 -1.16107 -13.9001
-3.56147 29.4681 -22.8579
18.6177 26.8007 7.29849
-15.019 13.5067 -25.566
26.0473 3.8688 -5.30175
20.923 -9.21764 17.8701
-1.16988 -32.7291 13.2002
-14.1082 -22.5599 -19.7961
-12.6794 38.8495 24.6417
18.2553 17.4147 -17.7173
21.4849 0.833794 19.0074
7.5138 -16.8895 22.4541
-0.128889 -50.8676 -2.84927
8.94408 -38.9064 -27.2588
14.6726 -35.5797 13.1132
0.994901 -48.626 2.27293
-10.6425 -24.7656 -22.8175
-14.2121 44.7351 11.7703
-10.6652 17.0189 33.4843
4.66327 22.0674 38.1371
11.9142 30.9516 30.7582
6.05031 23.3252 -26.5699
-33.8529 30.9164 14.8312
24.4498 10.5135 9.35073
21.4342 -28.4873 -26.776
5.44405 -48.026 3.95491
24.3639 -45.3491 -3.81789
27.1115 -39.1283 -11.9838
-23.2001 26.0238 -13.6999
24.939 -41.2387 -16.6649
9.52578 -37.9823 13.1538
23.4915 -30.7128 9.27901
-11.3516 -1.8929 25.8638
10.7958 32.9879 26.8037
7.9773 -35.1489 14.5615
-25.5993 -0.132058 9.15113
-32.0252 38.4519 6.55316
-8.85369 15.9808 -30.4673
11.8698 35.7384 -0.73144
-15.6631 26.2502 -19.1891
1.40112 34.5563 -18.1033
-21.6815 7.33311 -18.6585
14.9968 10.0425 31.2773
18.1126 25.5297 16.8285
17.6922 13.3865 28.7368
-19.7573 -11.3952 -15.7436
-20.9674 -15.3824 -2.0979
-4.96269 -13.6981 21.85
23.8069 14.0049 1.92839
-8.53154 11.0573 -29.8499
-2.2723 -22.3424 18.6604
19.4176 -4.33763 21.0152
12.9709 -17.2896 20.618
26.0797 3.47843 0.776945
-13.3008 -17.027 -22.3442
-10.3551 -40.3775 -1.17668
-7.29298 -47.2198 -8.96222
14.342 13.8881 -24.4687
-10.3099 -13.5846 -25.8625
-2.90814 -32.6226 -27.0566
-20.161 37.4805 -6.65234
-29.7615 34.4328 22.6477
4.04031 -31.5882 15.8069
-16.4876 -26.5769 -10.1701
22.1555 9.75471 -13.7784
20.4577 -14.8636 16.2634
21.4626 14.9302 19.7792
6.51108 -22.1269 19.8424
-10.0739 35.1249 28.0728
16.0891 14.5881 -22.4658
25.8173 -29.887 -23.6557
7.40087 38.7192 7.89902
-36.91 27.5603 1.7479
-7.24677 -21.9508 -26.4015
-11.6173 44.3472 6.43555
1.95605 -40.638 9.37688
-28.1065 13.0889 -11.8501
-6.6751 37.8012 -10.8824
-3.58229 -2.28314 28.8876
-22.4874 -8.38191 5.82225
-16.5773 -10.0855 15.3227
26.763 -2.10934 3.82347
9.74116 36.9953 13.0288
7.80059 26.1456 -23.1147
-18.1443 4.96223 -22.1645
-18.6311 -20.5488 -1.58567
-14.0062 -30.1339 0.522679
-25.5504 14.3128 21.7275
17.0953 28.3002 12.5701
15.7185 14.7889 32.9994
-21.3211 1.42002 -18.5294
-0.523001 33.2313 -19.6506
14.2739 -10.8077 -27.7972
20.4632 22.2189 -2.05223
-2.56433 31.2806 32.2339
11.662 35.1084 -14.3813
20.6795 -17.3259 15.3007
-25.6911 37.5088 23.8344
1.08403 39.7091 17.3621
23.634 -11.9055 13.6378
22.3588 -27.847 11.0115
27.5907 -8.98994 -11.0615
10.7155 -46.6487 5.80155
5.45842 -12.4498 -30.4044
-3.41003 41.3321 17.8023
-31.5988 17.0832 15.3102
-27.0962 23.5019 23.0951
-30.3301 37.5868 1.79134
21.4263 -48.8159 -10.509
-31.8288 18.3985 -6.40375
28.8973 -9.42768 -4.61863
-18.4895 9.74791 26.1269
20.9577 -12.4689 -23.9718
26.757 -5.1535 5.13149
4.02072 -6.79687 -30.6311
-3.2014 22.7391 36.2396
-3.77314 -42.006 -24.2462
-20.1929 16.6341 26.9041
10.1148 7.00276 32.4189
16.6639 27.4495 22.0345
7.38759 33.8915 -17.8923
-18.1612 9.8941 -22.4237
-23.2132 23.8595 26.0542
-0.469613 -17.7113 21.4197
20.227 11.7449 23.397
-18.8855 -20.5747 -4.29733
4.40012 40.194 6.673
2.42824 30.2997 -22.7112
-4.40115 8.77278 33.9587
-23.0042 44.501 12.7124
4.69205 39.93 -5.09859
-24.7891 21.3203 -15.0089
-26.2725 -1.85843 -0.300538
-13.7416 -14.9385 15.4197
0.676793 11.5435 -32.2223
-5.33861 -16.5594 -28.0977
-10.6083 -42.6746 -10.654
-16.7852 44.7599 6.48313
-2.35585 13.3381 35.9929
2.38154 -26.3845 18.243
15.5071 -7.6397 23.5038
20.4337 17.8008 -12.1019
-3.69571 7.88766 -31.229
-13.7365 -11.1795 -23.2033
-4.54542 -35.1578 9.15622
17.1822 -20.363 17.7832
25.4471 5.58883 6.18438
-27.9741 3.97451 8.11884
-4.0558 -47.3637 -17.6928
12.677 -45.3238 7.50227
12.1678 -38.531 -27.0128
-8.65017 7.91301 31.4628
-14.6424 43.3935 2.35772
-33.7507 15.3774 1.49049
26.1815 -40.4859 0.526915
27.3078 -2.19652 0.84157
-37.342 23.2799 4.58387
13.5182 34.7583 -11.7198
-4.41532 -37.5881 -24.8836
-30.2769 8.26165 4.39663
9.71482 -44.0909 -24.4537
25.974 -32.8434 5.62053
-21.0274 11.1374 24.6346
1.10421 19.0529 -31.4748
29.9061 -25.3494 -12.2924
3.23911 -51.1913 -16.171
17.7171 25.7094 -12.8022
7.6839 -49.821 -19.6455
17.1097 -51.7394 -13.3311
7.3043 -46.4349 6.25301
0.841376 -51.7894 -10.7197
-20.7512 28.5789 27.6334
19.2862 23.436 15.7667
-27.6756 42.6569 6.92806
-34.223 20.2261 -2.89563
27.4882 -27.7578 -20.2186
26.5275 -27.1484 5.81653
14.9644 -15.5393 -28.428
-11.9437 39.952 -5.20224
24.8665 -32.8717 -24.4741
2.16889 26.3015 36.8571
-32.0725 35.3639 1.4385
23.4746 -22.3205 -24.6463
-26.1043 2.20022 10.1612
-1.88654 -43.5828 5.53894
17.427 -35.7255 12.2269
5.56436 9.3154 -30.1369
-5.80874 -10.6881 -28.6227
12.4315 -23.0026 18.4962
23.9552 9.96438 -7.87179
-17.1773 -21.6376 -13.5727
-0.501818 -39.5574 9.23269
22.0817 12.2197 -12.6521
-3.84765 13.6566 -32.2535
-2.64986 -27.29 15.4434
19.931 6.21341 23.1233
17.8142 7.61928 27.0382
-17.3072 -24.5937 -8.68566
-22.3441 -10.8586 -6.86718
-5.71325 -18.9145 18.7581
-3.26614 34.1172 -17.9793
-24.254 4.71907 -14.7755
14.3069 20.3659 33.6581
15.2485 31.1131 11.4317
-12.3325 19.2611 -26.9118
-7.90671 -5.31927 25.5635
1.39093 39.6581 -9.93877
-25.4182 15.4668 -15.3965
-0.0893875 4.57812 33.0696
-16.9816 44.6383 12.6235
-23.0946 -6.13389 7.08703
20.4445 17.2093 20.7551
26.8216 1.10207 -0.352999
19.7248 25.2417 -3.35398
-1.43179 -48.3318 -18.3253
-25.3693 25.4901 25.3361
4.63524 -46.7363 -23.4652
2.46187 -25.7283 -29.7136
3.97964 -15.4439 -30.4339
15.7388 -51.9437 -4.72686
6.50572 -52.3213 -2.94155
-24.9106 44.0279 7.74302
-8.30269 15.788 34.2178
-12.2142 41.3781 -2.96837
14.397 -28.1938 16.2258
25.3782 -19.1877 8.53668
3.65847 -9.45793 -30.2353
28.9853 -12.0956 -6.588
23.5238 -35.375 8.9293
27.8297 -21.3747 3.59527
25.8462 -42.66 -4.97422
-26.5511 10.4026 18.1737
10.3707 -53.3936 -6.64851
28.7639 -14.4211 -11.1413
20.0244 1.5165 -21.2535
27.6108 -5.91639 -9.28413
3.4285 -48.663 -21.3933
24.1292 -0.803723 -14.9302
-5.48067 29.7883 33.0547
8.98654 -3.42078 -29.6301
16.3936 -2.22159 -24.75
-24.803 41.5784 2.30146
6.9202 37.7356 16.9658
-0.0497475 -18.0895 -29.8884
9.32832 36.8511 -13.7743
-3.91325 -49.0872 -13.0646
7.11362 -49.9385 1.5831
21.9609 -32.696 10.5312
22.8909 -16.6916 12.7751
16.2288 22.9406 -17.3027
-26.7551 6.50374 14.3616
6.9355 -36.1026 -28.3407
-6.18101 43.0808 6.81854
25.6392 -38.5437 4.78513
29.0634 -23.5023 -0.777761
14.1089 -40.2149 -25.736
-15.2911 6.10447 26.2269
-3.65526 -50.2458 -7.4199
-36.593 25.0481 -0.0511049
4.07432 40.0308 -2.80376
28.1401 -18.2083 2.47402
26.4417 -22.0296 6.53103
19.0236 -50.927 -9.48333
-23.8274 28.5871 -11.4409
30.2709 -22.9672 -7.17964
12.4494 -30.3317 -29.141
18.9786 -38.5139 10.6995
21.7332 17.9067 15.0016
25.4959 -41.052 -14.0211
18.055 -37.467 -26.0422
-33.6933 21.3865 14.0661
10.0533 -22.6846 -30.0056
25.3374 1.86322 -10.0871
-20.5361 -2.80537 15.7859
20.7409 21.5162 10.1245
28.7689 -19.7493 -15.2279
19.3192 20.0319 -13.6827
7.41576 -6.66902 -29.815
7.21228 17.0688 38.0953
28.7218 -33.6947 -8.50789
23.6936 -45.7968 -0.683404
7.07609 38.8981 -1.36921
29.4017 -14.3981 -5.15278
29.2719 -29.3991 -1.90083
-24.7385 35.7443 -5.22075
-3.43705 26.1162 35.5892
5.09838 -51.082 -0.237604
-15.7557 -1.37148 22.1151
-5.27886 -40.3405 -23.2632
19.3904 22.6279 -11.7101
-36.3569 22.3685 9.13134
29.2227 -31.1579 -6.36273
16.1539 -25.5686 16.3643
-37.0059 22.4617 1.36718
-7.43717 38.2593 24.9255
-13.3509 24.4272 32.0139
-32.5172 14.8764 -1.71601
4.99595 -52.3598 -14.238
-17.0898 40.7594 -2.84775
22.0581 -40.8184 8.14801
20.2705 -49.5791 -4.08364
-25.43 3.61255 13.3109
-33.7234 17.3428 10.8621
-8.2036 -46.4988 -5.65893
-8.80928 -10.7135 -27.0394
17.2989 9.0852 -22.1982
25.3708 6.55433 -0.652804
11.0186 -20.1324 19.9569
-9.36026 -43.2768 -1.85228
-15.5694 -16.9435 -19.7557
-7.11428 13.8554 -31.106
24.5609 11.5228 -0.0163795
18.5566 -1.69856 22.9732
-4.20299 -24.1349 16.6285
-18.3975 -14.3039 -16.7704
16.7515 10.0956 29.0994
-6.95853 -15.6895 19.9877
-22.1477 -12.2847 -1.10387
-23.2574 10.3474 -17.3358
-10.6909 10.4297 -28.4105
16.7074 28.3927 15.2141
14.0504 12.3727 33.5345
-9.40261 -14.4956 19.4895
-33.9868 35.8288 6.90343
-17.8814 23.7284 -19.3619
14.2016 34.4574 -2.62011
13.1938 31.5472 25.1192
-8.33201 -2.90746 26.8409
-29.4309 5.41504 -0.0895817
-17.6571 41.296 21.4111
-17.93 30.2933 28.2515
23.7331 -19.2664 10.9159
24.1517 -28.213 -24.9821
16.7998 -47.1135 4.61811
2.29891 -34.1717 -28.7235
-23.6754 33.2736 25.8271
19.3647 25.7364 -6.701
-6.37304 42.3799 16.2857
-28.3828 26.7669 -9.19392
-14.1931 2.96625 25.7508
6.6288 -23.1638 -30.0558
-22.6209 -1.13269 13.9793
-29.3202 25.1142 21.151
12.1403 -24.5381 -29.631
-34.1655 16.0689 7.88933
-0.280226 -40.0358 -26.859
-13.3295 -37.4866 -11.3179
16.0151 3.2679 -25.331
1.65148 6.24931 -31.5034
3.4497 -43.4546 7.79917
24.3024 11.0314 6.04923
14.7706 22.4003 -19.8685
-12.786 -32.186 2.04893
-13.7525 31.1325 29.976
6.40832 -29.8192 17.0318
24.3239 8.2496 11.1169
-15.0175 -5.89441 -23.7004
-6.01575 2.53051 -30.4677
14.94 32.9143 -10.1837
-19.333 18.7735 -20.6133
7.90957 5.32499 32.7532
-16.4253 10.5352 -24.4109
11.3013 2.53781 29.4819
-17.4699 -9.07866 -19.6259
-24.6628 -2.98638 -9.48808
-12.1027 -20.0976 13.3848
-13.7117 -7.64234 20.2092
12.6839 22.606 34.636
-29.6599 9.72136 -7.23771
-25.912 -0.925776 -8.10528
-14.0946 -18.5421 12.3792
13.946 33.812 3.20715
-11.4712 30.7628 -18.3955
7.32185 38.9392 1.94287
-4.73959 -21.5 -28.0246
20.6848 -48.2746 -13.1633
28.32 -23.9486 2.36176
22.0907 19.5086 1.91648
21.9342 18.5264 11.5863
-25.9891 28.8979 25.4599
-27.763 15.8863 19.8171
22.4944 -17.1419 -24.4578
-5.61677 -47.3503 -14.8359
16.9471 -52.4225 -10.3351
25.0659 -25.2217 -23.7873
25.0159 -14.0692 -20.0159
18.9043 -1.41519 -22.4449
8.1009 -52.6584 -14.372
28.4634 -30.0295 1.34424
8.5382 -33.1983 -28.8647
14.6273 -49.1984 -18.3899
-30.4024 38.3934 17.8831
18.3787 -12.5182 -26.193
-5.76736 20.7225 35.8034
-1.69185 -14.7483 22.5012
-20.5659 -16.1614 -5.42729
-19.7839 -18.4684 -6.69114
19.1348 14.1958 25.5642
18.1452 25.1528 20.1474
13.0646 7.41604 30.8702
-19.4769 7.14615 -21.2064
4.45667 32.9594 -19.1529
-16.1565 28.8421 -17.2188
-5.33279 23.8549 -28.1124
-10.9701 -16.2153 16.9832
-31.1283 40.2912 9.36759
-23.7574 -1.78929 11.2935
23.4431 -25.0328 10.4718
-23.2392 43.914 15.9698
-6.47635 6.42589 32.1068
10.6523 14.1719 36.2656
-8.45872 -16.4491 -26.256
1.98293 14.6228 -31.9665
24.4845 -43.3773 1.53651
-8.6372 -45.3789 -11.4643
-6.41875 -37.2009 6.81125
-12.3423 -14.2105 -24.0526
25.9318 2.97023 3.87409
15.8068 -17.457 19.1126
17.8738 -7.16351 21.36
0.976259 -23.2104 19.3989
-6.90009 7.96564 -30.255
21.0992 17.6318 -8.81183
13.8201 -18.4947 -29.3552
2.39004 16.8423 37.7438
27.6621 -35.028 0.557707
-32.8222 13.1919 3.0579
27.5994 -29.9589 -21.2138
7.87758 -28.5672 -30.0764
-4.09063 19.138 -31.4807
-28.582 4.0162 5.49842
-6.47985 42.8777 13.2032
28.0677 -13.3816 2.92415
5.92348 -25.7744 -30.1534
29.2435 -15.0352 -1.78185
18.064 -15.0693 -26.7732
-25.4176 23.5296 -13.321
-25.174 39.5922 -0.420683
1.76004 -50.3083 -0.162656
20.3135 20.4612 16.9978
-29.9213 31.4593 -5.30269
27.3012 -7.51897 3.98729
17.2475 -39.9305 -24.7956
-13.2443 7.14066 28.3144
16.3376 -35.0239 -27.3965
22.3779 19.4617 5.30277
26.993 -12.0084 -16.121
20.9924 -40.8054 -21.3592
5.92341 36.1006 26.4381
1.24111 38.8076 20.7344
8.0781 2.18408 -30.3146
-32.0548 11.7229 8.7711
29.7701 -20.5294 -5.84351
15.735 -5.29684 -25.9747
26.8261 -4.02407 -10.9907
-8.75103 22.0016 34.5976
17.9509 19.9518 -16.5419
19.1556 -25.4239 14.746
-22.8884 6.0062 18.7188
-12.7455 12.2044 31.2701
-3.4589 -18.3772 -28.8027
-0.949099 30.0038 33.7586
-31.6833 23.2147 -6.39035
-14.386 10.3234 28.9557
28.1418 -35.1636 -2.09917
3.16875 -44.3931 -25.3203
-7.63368 12.3888 33.9785
-19.0911 12.8822 -21.0281
7.41214 35.9498 -15.4924
-14.985 7.4832 -25.5078
14.1154 17.0353 34.6109
-17.7892 -23.668 -5.28133
19.5067 8.5042 24.2426
-2.55583 -19.7487 19.5531
-21.1599 -13.766 -7.75554
-20.1023 45.0172 10.8569
-1.23464 7.79774 34.0487
-22.5717 -4.99686 10.3654
13.7179 11.1452 -25.8618
-9.66987 -7.18257 23.3055
-25.3594 -4.03004 2.24787
-26.4962 18.5422 -14.2016
1.65463 39.993 -6.63582
-3.49413 -45.2786 3.36127
-4.03128 -13.6026 -29.1513
2.4693 8.91758 -31.3982
-2.28148 10.8367 -32.0539
20.7609 15.1282 -14.076
19.1096 3.07962 23.6603
0.28511 -28.4078 16.4221
24.6262 9.62686 -4.58868
15.519 -23.1794 17.6279
-1.65292 -36.5733 10.1999
-17.2423 -19.0831 -15.9043
-16.4036 11.935 28.0164
19.2081 23.9425 12.147
-23.4205 40.663 21.3556
21.8258 -38.2213 9.27707
29.9191 -28.6886 -7.87876
-33.3845 13.8431 6.39193
10.071 32.4921 -17.9772
3.81456 -1.10988 -30.8594
2.94951 -40.0171 -27.6136
27.6069 -32.4544 2.72929
-8.89 25.2877 33.7303
-16.9859 35.6095 -10.7069
1.9263 40.6154 11.7556
-31.0388 33.8722 20.1788
22.6742 -22.3295 11.656
-15.7652 1.09462 23.2986
-3.61847 42.5129 11.0202
26.1303 -19.4859 -20.9679
-11.5677 43.8262 3.48418
11.2001 -51.8025 -1.0795
-8.9481 42.6848 17.371
23.3973 4.21634 15.3591
-11.0462 -3.23542 -27.2481
-6.85017 -40.444 3.55579
22.4533 17.8737 -2.58199
5.45242 17.8195 -30.1793
-3.53286 -31.2885 12.6581
-15.9546 25.5921 30.3591
19.1888 -45.8647 -19.1934
-12.2915 -35.4695 -16.7751
9.81557 16.549 -27.2193
-1.77452 -8.01654 -30.0589
-31.4849 39.3011 12.451
-14.6928 -11.71 16.524
9.50137 37.9471 -5.22488
-21.1333 26.5243 -15.0268
-7.30455 1.96082 29.5776
8.67519 35.8604 22.097
27.671 -27.1946 3.37324
-27.4073 0.924098 4.42513
17.0202 3.015 25.8406
-20.5961 -13.4575 -10.2338
-22.2842 -6.5433 -13.8736
-8.07244 -24.4303 13.8193
17.4889 30.2385 -5.94212
-14.6019 18.5247 -25.2836
-7.35092 21.3818 -28.9229
-35.6437 32.1393 9.65972
-11.4192 -18.9581 -23.4638
7.05507 12.4057 -30.2004
1.56768 -44.3567 6.09007
-24.8751 33.4253 -7.60153
21.6165 6.80967 20.108
2.17244 -18.7986 21.3085
-15.6495 34.9813 27.4117
23.0625 11.8574 -9.4325
-2.62325 -41.3501 7.19359
-15.5533 -24.6828 -14.3613
24.1578 7.2423 -9.76462
16.8893 -12.6043 20.3138
15.188 31.6287 8.12007
16.1455 21.1468 31.0071
-24.7574 2.1076 -12.7307
-6.36046 32.7906 -18.6797
-1.00015 -10.5897 25.144
-19.489 -16.6732 2.57648
-18.0544 -22.0545 -10.9376
-17.7641 -1.03901 -21.4721
-24.9248 -4.14545 4.92753
25.3624 -36.9625 -20.4258
-2.94082 27.6145 -24.7203
-2.16784 2.37512 31.6607
-22.8137 15.4439 -17.6161
4.0461 38.8568 -11.7522
-4.71679 -6.54611 26.6465
-24.1279 -7.17876 1.04543
-29.2963 10.469 13.6775
14.131 -53.3182 -9.70733
-12.2622 -32.7626 -17.9348
-0.994744 40.4105 -5.85878
26.6256 -10.4511 7.80676
19.815 25.0407 2.59412
7.84845 14.1415 37.3438
5.81881 4.8232 -30.7315
3.2574 37.274 24.8545
0.0236623 34.8035 29.2224
-33.9779 23.1787 -3.79269
26.575 -24.6744 -21.4804
-29.3737 15.4421 17.3645
11.3847 -19.6235 -30.1382
27.8523 -37.7921 -4.36377
-1.41871 -12.78 -29.9473
20.8162 -36.5957 -24.5736
-7.62337 -29.6153 -24.6813
23.5535 7.57052 14.4974
9.72538 -30.0764 16.4629
-11.6643 -38.376 -3.04582
-13.8114 -2.93864 -25.0319
14.7003 19.5366 -21.6285
23.3414 14.1571 4.78649
-16.3426 28.8369 29.3048
-11.7866 -34.9235 1.11339
7.44257 33.2744 31.0321
25.4302 -24.4902 7.80712
-13.6397 -34.9348 -13.4264
3.49285 3.59801 -31.4568
14.6398 6.22826 -26.4802
-15.1826 -15.3626 12.9695
-26.8723 -0.42876 -4.94618
-14.2072 31.0889 -16.5121
11.5817 35.8747 1.80063
12.6673 25.6877 33.6078
-12.1051 -5.81425 22.4566
5.1202 30.8624 -20.8785
-23.6462 29.9635 26.6028
-19.682 -8.92699 -17.162
6.91612 -6.98791 27.2369
-15.6222 -23.7025 5.34947
-22.6228 20.5472 26.0056
-17.5153 21.4196 -21.3204
15.6256 32.934 -7.02588
-35.3059 26.9007 12.6813
4.55365 5.60425 33.3573
23.1075 4.17226 -14.3139
-6.65868 40.364 -5.26967
20.0777 24.7748 5.85442
-9.42322 -37.3111 -20.0518
-4.11774 -48.2869 -0.0145744
-35.6045 20.6225 0.2291
-28.7532 8.40962 12.4246
21.982 -4.5097 -18.7947
-25.7841 41.195 19.245
26.8938 -16.7589 -19.34
-13.0078 -26.9657 -18.8858
26.0506 -5.24572 8.43285
4.64403 39.072 13.0776
-15.1257 -32.1925 -8.86622
25.4916 -2.74107 10.2553
-28.3999 42.2822 14.1845
-30.8776 15.2864 -7.80285
-14.9953 42.0188 -1.01507
13.7831 -45.3142 -22.2085
-31.3165 29.0253 -5.54895
-30.1917 28.4981 21.7556
-22.5142 3.80991 17.6234
18.8844 -20.9319 -26.9721
20.6122 -22.5867 -26.2591
19.4819 -25.7896 -27.2516
-17.7348 -6.79512 16.292
-6.37206 27.0198 34.2318
-4.63513 11.2783 34.88
8.40721 -12.2168 24.375
-15.3378 16.1978 30.4038
7.30952 -39.3781 11.539
-15.9313 -28.8171 -5.06776
-29.4145 42.3467 9.78041
-35.66 32.046 4.48827
-11.1909 20.178 33.3793
-17.1773 15.2598 28.3588
19.3488 11.8156 -18.2276
26.9034 -1.0318 -5.80657
1.84115 41.284 8.4703
22.9868 13.3641 14.3436
-22.393 44.0691 6.81655
-0.600889 18.0299 37.2271
-2.12382 -47.8342 1.76307
-8.37749 30.8665 31.4575
21.4088 -47.1993 0.849013
-1.53065 37.2468 24.6827
24.1472 1.79906 -12.9941
-14.606 44.5245 8.58676
4.48579 -20.2843 -30.4709
16.5939 -9.95723 -26.5256
-8.1308 -24.9362 -25.3076
23.4925 -6.07762 -17.8082
28.7909 -12.7229 -0.34412
4.98275 30.5977 34.0895
-28.4351 12.3363 16.5279
-8.81055 32.7355 -17.789
14.0515 33.5314 6.58226
-15.0565 -20.0113 9.42002
-10.1104 21.9404 -26.9787
-30.8408 12.6777 -6.2546
-5.92789 42.9295 3.67445
10.3382 21.3808 36.4563
-16.2563 -5.69865 18.532
-10.6172 -18.5409 15.8011
-24.3535 -5.53499 -7.08961
-16.8641 -6.39023 -21.4529
13.2303 5.17884 29.436
-36.4424 25.2376 9.91517
9.06317 2.68383 31.2084
-18.699 15.8709 -22.2572
16.0219 30.9029 -12.3928
-13.4082 -37.4292 -8.36334
16.5241 17.4713 -20.5863
25.2598 5.73889 9.05369
-15.0151 41.9189 20.4298
-10.8902 29.885 31.378
-8.96721 -28.3663 9.92748
8.61919 -19.5502 20.7541
-9.02612 39.3671 -6.8352
18.273 22.3028 25.2298
-7.28951 39.9386 22.1017
11.4838 -42.8144 9.48803
-5.71396 -2.32378 -29.7108
-19.1822 30.9866 -13.3302
-11.6515 -40.2558 -12.0545
10.0748 -14.1848 -30.2251
24.423 -40.5557 6.21445
15.7502 -29.9216 -28.2902
19.8405 0.418234 21.9265
-0.826198 -42.241 -25.8057
13.7718 -52.9838 -7.10834
-3.02805 16.7345 36.3569
-36.4802 21.0899 6.11544
21.9052 -11.8256 15.8223
23.2674 -47.0903 -8.39863
22.788 -47.5321 -5.03476
21.4685 21.8741 7.28262
9.94009 -32.4824 15.3177
24.7148 -45.1149 -9.94986
28.5925 -22.2082 -16.549
6.02806 -17.2694 -30.3858
-15.5813 -19.4639 -19.0061
-1.05492 -34.3994 -27.7112
7.42827 31.5122 33.4738
9.94567 -53.3585 -11.6131
29.3198 -25.5372 -15.2395
0.760179 -30.8049 15.0567
-29.3173 6.21905 3.13433
-12.367 1.35576 26.6385
7.88712 28.8204 -21.1099
11.9966 35.1498 8.34555
-8.6415 34.9001 -15.3696
-26.0314 1.63991 -10.1827
-17.3048 -18.1329 7.59393
6.96725 0.52478 30.1029
-36.7714 26.9608 7.1304
17.4368 28.1567 -11.2992
-16.1647 15.7474 -24.4279
-22.5957 -8.65709 -8.20083
-7.74143 -19.719 17.1113
-19.3861 2.1488 -20.5396
-18.5457 -3.55098 -21.0444
-7.19449 -26.5273 12.2633
-10.6882 26.629 32.4574
23.5186 12.9403 11.4157
3.38984 23.0257 -28.453
-10.5514 -8.96862 -26.3778
-14.4121 -34.506 -7.558
-15.0609 43.5195 17.6548
25.0943 2.72674 10.0906
18.8177 6.19083 -21.0842
-6.98821 -5.32745 -29.0386
-10.4577 -40.674 -15.3777
-25.4625 7.38354 17.1378
2.93557 -31.4144 -28.7337
5.06021 18.9953 38.1312
12.1536 17.0221 36.3374
-19.4407 44.859 8.18972
12.2102 27.1622 -19.2429
20.2673 -27.972 13.133
0.16245 -9.72337 -30.0601
-3.876 39.8744 -7.26389
29.2717 -18.263 -0.433904
-10.09 37.696 25.8229
25.4118 -13.2957 8.67387
28.5818 -11.8863 -9.85928
-0.337022 41.9775 3.41522
-14.8186 37.119 -9.31243
-8.74015 -42.7191 -16.6125
-8.67162 43.5542 11.3823
-35.4284 18.0767 2.47146
12.8559 0.576691 -28.1167
29.1169 -34.1858 -11.0642
8.48696 35.2488 25.2532
-10.2202 3.13811 28.3534
-20.6883 41.9724 20.199
0.660204 -15.3674 -30.1362
-18.4799 -15.3825 8.40766
-27.2351 4.58361 -9.33044
-18.7482 28.9693 -15.2196
9.37038 37.639 -2.12188
-17.9785 21.1295 29.3244
18.1502 27.8642 -8.14901
-36.462 30.41 6.98826
3.65479 0.677955 30.76
-20.7456 -10.7977 -12.5542
16.2238 5.41871 27.922
-6.50678 -22.8567 15.966
-21.6677 -8.96553 -11.3833
3.09344 20.1794 -30.3149
23.0119 17.1806 0.766897
-26.4364 29.316 -9.50872
-4.28094 -28.1129 13.4129
24.244 1.82382 13.3549
-12.1202 43.7712 15.9912
-9.18217 -38.7468 1.54325
-9.53137 -6.10723 -27.7727
20.554 6.9579 -18.7024
-10.9111 -38.2489 -17.7006
-5.25496 -8.06496 -29.2862
-12.1886 -39.6334 -6.20357
-22.7807 43.036 3.65968
9.70181 19.0608 37.5367
6.83816 37.317 20.2111
-28.574 30.1843 24.0667
27.4296 -10.8724 5.17606
21.6515 -44.9014 4.96365
17.4054 -48.5415 -18.0895
-5.81688 -32.4835 -25.1158
-27.3937 31.1333 -7.66075
27.5236 -4.19302 -4.60638
24.3557 -14.4619 11.4814
0.517152 -45.0502 -24.802
15.2491 0.678735 -25.9632
13.3347 -40.7487 11.3824
-29.8091 33.5147 -2.96246
26.1662 -38.2809 -17.715
22.607 -14.5484 -22.5131
-25.1308 11.9337 20.8314
10.4091 -1.6916 27.9559
-15.7352 4.76199 -24.544
-31.8852 19.6118 16.2725
-11.0831 -26.6856 9.26036
-12.3101 7.38393 -27.3883
-10.8168 23.9928 -25.162
0.927924 -6.11042 27.9917
16.0616 23.9275 29.4586
-25.9981 12.6389 -14.5293
-22.9728 -9.44902 2.59432
9.47958 37.2503 6.87542
-0.98088 38.7457 -11.6122
-17.3285 -2.62696 19.6895
7.54884 23.1504 37.4577
20.4753 -22.7476 14.0915
-31.473 10.3602 -1.001
27.9652 -32.9673 -20.3459
7.12938 -0.842266 -30.3836
-16.1259 19.6992 30.4077
-10.1668 -32.8445 -20.5777
20.0979 -17.9019 -26.2187
23.2555 6.9159 -12.5383
-3.34855 3.11588 -31.2205
6.93777 -24.2987 18.8552
24.7465 -3.01406 13.1634
-7.44872 -0.380768 -29.5051
-15.3787 -27.1644 -13.4413
21.7471 11.7695 21.0296
10.3034 24.665 -22.7907
-9.43027 -32.1934 6.33272
14.8844 -12.2779 22.0797
14.6027 27.6094 -16.9897
18.2445 -51.2184 -6.12536
-1.3764 38.7739 21.7775
-30.484 26.2297 -7.32268
13.0517 -32.8507 14.4088
26.6539 1.52285 -3.62451
-30.7057 40.0746 15.0588
-8.35745 33.3715 29.3746
-35.6705 29.8517 1.98208
-6.82628 -48.1426 -4.46454
17.3182 -26.9791 -28.0412
24.505 -44.0856 -13.0011
13.2781 -5.54286 -27.9591
-0.800679 27.432 35.7298
-24.7047 44.6298 10.827
1.65556 23.4793 37.1961
9.16615 -52.7066 -3.67496
23.2552 -8.93177 -19.8499
1.60391 41.1523 -0.709169
-27.1611 41.4226 4.71692
17.4243 -6.92639 -24.7508
-31.4278 10.4809 2.02097
5.59874 34.5892 29.4582
20.7199 22.3604 0.7318
-0.721047 -51.634 -7.6034
27.7474 -4.73173 -1.21209
8.20596 -41.8808 -26.3085
-28.3649 18.0588 -12.3065
-10.7993 5.2319 -28.3509
21.642 -44.5724 -17.5018
18.6407 -30.69 13.0741
2.01992 41.323 2.57753
-19.6734 5.47985 22.5921
-9.69182 11.0757 32.3863
9.25628 -8.28583 -29.3735
12.5858 -51.2233 -16.5956
-29.1347 7.00086 9.18107
20.6065 19.8342 -7.51945
-22.1655 33.7101 -9.00225
-37.3693 26.5941 4.59474
25.6929 -3.76908 -13.9541
19.0026 19.0938 26.4039
-12.7477 14.9073 32.0307
-27.4208 43.5086 11.9926
-3.18699 42.5312 8.60148
-28.132 32.9066 24.6169
3.49353 -52.6962 -11.3188
-1.67671 6.22937 -31.4072
0.399966 -24.0261 -29.3401
-6.154 17.9269 35.5175
30.2931 -26.1682 -6.0206
-10.6611 5.90604 29.6461
2.76875 34.0331 30.8574
-20.7616 35.047 26.1058
12.3691 16.8647 -25.0528
-18.0282 33.6402 27.2093
18.0465 -49.8604 -15.0202
-5.2423 -48.7676 -9.81878
15.8151 -21.3611 -28.4792
-4.13899 -49.9814 -4.80343
21.7809 -9.82448 -22.1227
3.46179 -36.5055 12.653
17.5526 -31.8579 -27.5876
7.97744 -46.6563 -22.986
21.9574 1.56417 -18.4809
1.95158 31.5556 32.8242
19.8262 16.5405 24.0552
21.1425 19.447 -4.15079
30.1351 -28.5349 -11.3038
-32.7971 17.5518 -3.74689
26.4566 -34.8351 -22.2839
14.376 -5.17107 25.4197
-4.94864 -32.8058 10.3176
7.90159 18.4624 -28.1581
22.7744 14.9959 -4.42628
-5.99545 -43.7501 2.87679
-16.0381 -11.0052 -20.7036
24.6733 8.62 4.77054
-9.22612 41.0987 20.3639
-0.456933 -4.90964 -30.7715
8.96855 13.4139 -28.5953
-3.27727 -26.8861 -27.7631
-11.202 -41.9725 -7.40757
-1.95778 -37.1514 -26.7077
-27.324 0.0473684 0.965773
-23.4046 2.06406 14.7193
11.15 34.0269 20.2679
-6.19625 -1.18097 28.6497
0.384072 24.2417 -28.2076
11.7518 36.8384 -7.16889
-13.2853 -10.1969 19.0355
-33.1401 36.3692 12.6526
15.0116 30.1676 20.6727
8.80452 9.33311 34.5586
-15.2002 21.5635 -23.6439
4.59954 37.6045 -14.2773
-10.8053 -23.2044 12.2671
-23.5216 -3.72575 -12.7781
-19.5437 -16.6429 -11.3833
15.1756 0.315538 25.5281
19.8721 -6.76877 -22.5609
-30.1053 39.5075 4.43114
-6.51922 41.4904 -2.27827
-23.1929 38.3025 23.5332
29.5382 -20.7941 -2.50579
-2.8157 -24.3775 -28.3755
-3.30477 16.2435 -32.3924
18.9379 -32.8573 12.2382
7.93808 -11.3287 -30.2933
18.3752 3.35342 -22.6773
10.3026 29.6245 33.2479
-16.7148 33.2591 -13.0125
12.2996 -43.0584 -24.4832
-22.8039 10.2558 22.7159
7.0423 38.6803 -10.2351
-21.1709 18.2153 -18.419
-24.0391 -7.96538 -2.18511
-3.5647 -9.50346 25.3441
27.7931 -16.5785 -16.495
-26.1855 -1.24016 6.01313
-5.08673 3.4066 31.1485
-16.9282 43.8685 15.7858
-18.2785 -18.7014 4.83338
1.14806 -8.39095 26.6653
-27.006 20.9465 22.5802
-19.3531 -19.3251 -9.90659
17.7012 18.8333 29.2199
16.9587 29.4317 6.02134
-6.47366 30.2565 -21.3156
-20.106 19.0227 27.6615
-14.1701 -25.1309 -17.5615
-5.67993 -40.335 6.02573
18.528 -9.67556 20.1625
25.1832 4.14702 -8.64734
4.09397 -16.5465 22.7086
22.1334 4.10292 18.1509
22.3912 14.7183 -7.44485
-15.6952 37.6247 25.1562
28.7258 -9.57741 -1.54788
1.59289 -20.9744 -29.8727
5.27758 15.0544 -31.1226
-12.3471 -21.7456 -21.9947
2.82869 -47.0511 4.36432
-3.4864 42.0623 -0.964618
10.5441 8.22292 -28.3454
-32.1944 33.3079 -0.95937
4.50293 -52.9322 -5.80426
9.96566 29.7211 -19.6788
28.9726 -28.1669 -17.2062
26.7473 -40.2177 -2.75385
-1.56647 -29.6507 -28.3143
5.05948 -50.2282 -19.0351
-0.581771 41.5317 12.5307
-1.43287 -46.3997 -22.7697
26.2214 0.920471 5.71009
20.8175 -31.3064 -26.8762
-27.8306 37.5003 -0.654831
-13.8699 21.659 31.8033
6.67499 -44.1919 8.04255
27.1064 -9.12015 -14.2796
13.7253 -35.7369 -27.6337
-2.53678 -50.2913 -2.29387
9.56259 37.8136 -10.967
-19.7529 41.476 -0.979032
-19.7276 42.6988 1.90166
0.151827 36.3015 26.3815
15.8464 -45.2794 7.03714
-32.2848 15.2931 12.3418
9.68677 -47.8749 -21.4385
15.3837 -24.2194 -28.5932
29.6882 -30.9383 -12.4385
-0.837577 21.2906 36.9588
-8.60779 -34.6915 -21.7386
-30.4429 21.0136 19.1612
22.8517 -1.71006 -17.316
2.30163 -4.07149 -31.1463
-5.40584 34.6435 28.5939
27.351 -21.8596 -19.3333
-1.65284 21.1059 -30.8377
-0.500452 31.179 -22.3361
-22.0186 -1.42187 -16.8729
17.4885 15.6365 30.1772
18.8162 26.1726 10.5657
-24.0225 15.9799 24.0837
-15.2095 -27.2558 1.74305
-17.2795 -22.6621 0.62835
5.70517 -11.6941 25.0136
2.41175 14.0889 37.0568
9.33537 36.6748 16.2533
20.92 -4.66827 18.7969
-27.9587 23.6182 -10.9839
-25.8897 -2.58781 -3.61974
-8.29843 -10.181 22.3559
-3.60601 38.8913 -9.72605
0.138804 26.5319 -25.9419
-14.5789 -22.2496 8.0191
-32.7506 26.1406 17.1334
-28.4987 19.1133 20.3995
0.408046 -13.4983 23.8562
14.2963 29.596 26.9258
-6.83755 18.6045 -30.5822
-11.0001 29.0267 -20.3373
15.8538 32.6006 -0.974683
-3.77303 35.8346 -15.7561
13.6529 33.0494 12.5289
-19.9547 -13.4262 7.12887
-27.2568 7.30004 -10.6923
-17.402 39.0154 23.8784
25.7518 6.35207 -3.40673
6.50739 10.1202 35.6287
-20.1113 -9.77552 10.7947
22.1179 -42.2968 -18.6329
15.4194 -31.0397 14.6205
3.81889 38.9535 15.6485
1.32046 -52.2419 -5.58372
4.06852 37.6966 22.0545
-35.5817 18.0707 5.24986
-0.694607 41.0289 15.7682
-22.8301 40.0117 -1.75776
-25.4655 34.6654 25.0827
-33.1486 34.2618 14.6274
-33.4106 28.8537 -3.08482
-3.86734 -44.6856 -22.3993
25.0153 -35.908 6.75494
25.6044 -30.2621 6.7286
21.9334 4.10816 -17.3043
-11.1556 44.3519 13.4457
-13.4673 -29.6058 -17.0401
27.9216 -6.82895 0.621529
11.1452 2.4544 -29.2417
29.3314 -17.1689 -7.09251
25.6004 -6.17341 -15.1594
-16.7063 -25.849 -3.83979
10.3239 -9.58342 25.0398
22.9079 9.91682 15.5497
19.6975 14.5502 -16.6532
-12.3452 2.25199 -27.2782
-14.3649 -32.7702 -12.2195
0.212966 -35.6971 11.8724
21.3898 -1.25246 17.8223
1.60444 -0.340365 29.9985
15.9662 27.2886 25.1383
17.5767 30.7066 -3.34239
-13.5531 26.9161 -20.6084
-31.0238 24.492 19.3625
-12.278 -23.639 10.0218
5.39388 -4.16705 28.2461
-15.2245 -0.805772 -24.0142
27.4148 -15.4012 4.35229
-20.1879 37.444 24.7581
-21.0923 -6.92087 11.7092
4.08459 7.91355 34.5653
13.5811 32.8097 15.9364
-2.47031 22.8808 -29.4421
-25.6008 6.85034 -13.6396
-20.1968 -14.4712 3.9216
25.9954 -42.713 -7.83511
27.9227 -13.7764 -14.389
12.7076 -38.2208 12.8208
-18.2892 7.39505 24.9143
29.3941 -17.4782 -10.0377
9.42173 -17.0898 -30.2072
12.098 36.7367 -9.42492
19.3954 -49.1621 -1.06181
-14.7741 38.9049 -6.43039
26.8929 -38.092 1.72056
-34.7248 20.8278 11.5453
29.2989 -30.5849 -15.5622
-27.3424 35.7767 -2.74799
6.4246 -31.4048 -29.3117
5.00664 -53.3943 -8.61416
